INT	STRING	INT	INT	INT	INT
编号	名字				
1	毛泽东	1	1	1	1
2	毛厕洞	1	1	1	1
3	毛贼东	1	1	1	1
4	胡锦涛	1	1	1	1
5	锦涛	1	1	1	1
6	胡紧掏	1	1	1	1
7	胡锦滔	1	1	1	1
8	胡锦淘	1	1	1	1
9	胡景涛	1	1	1	1
10	周恩来	1	1	1	1
11	刘少奇	1	1	1	1
12	朱德	1	1	1	1
13	彭德怀	1	1	1	1
14	林彪	1	1	1	1
15	刘伯承	1	1	1	1
16	陈毅	1	1	1	1
17	贺龙	1	1	1	1
18	聂荣臻	1	1	1	1
19	徐向前	1	1	1	1
20	罗荣桓	1	1	1	1
21	叶剑英	1	1	1	1
22	李大钊	1	1	1	1
23	陈独秀	1	1	1	1
24	孙中山	1	1	1	1
25	孙文	1	1	1	1
26	孙逸仙	1	1	1	1
27	邓小平	1	1	1	1
28	陈云	1	1	1	1
29	李鹏	1	1	1	1
30	朱F基	1	1	1	1
31	朱狨基	1	1	1	1
32	朱容基	1	1	1	1
33	朱溶剂	1	1	1	1
34	李瑞环	1	1	1	1
35	尉健行	1	1	1	1
36	李岚清	1	1	1	1
37	罗干	1	1	1	1
38	温家宝	1	1	1	1
39	吴邦国	1	1	1	1
40	曾庆红	1	1	1	1
41	贾庆林	1	1	1	1
42	黄菊	1	1	1	1
43	吴官正	1	1	1	1
44	李长春	1	1	1	1
45	吴仪	1	1	1	1
46	回良玉	1	1	1	1
47	曾培炎	1	1	1	1
48	周永康	1	1	1	1
49	曹刚川	1	1	1	1
50	唐家璇	1	1	1	1
51	华建敏	1	1	1	1
52	陈至立	1	1	1	1
53	陈良宇	1	1	1	1
54	张德江	1	1	1	1
55	张立昌	1	1	1	1
56	俞正声	1	1	1	1
57	王乐泉	1	1	1	1
58	刘云山	1	1	1	1
59	王刚	1	1	1	1
60	王兆国	1	1	1	1
61	刘淇	1	1	1	1
62	贺国强	1	1	1	1
63	郭伯雄	1	1	1	1
64	胡耀邦	1	1	1	1
65	连战	1	1	1	1
66	蒋介石	1	1	1	1
67	蒋中正	1	1	1	1
68	蒋经国	1	1	1	1
69	马英九	1	1	1	1
70	习近平	1	1	1	1
71	李克强	1	1	1	1
72	吴帮国	1	1	1	1
73	无帮国	1	1	1	1
74	无邦国	1	1	1	1
75	无帮过	1	1	1	1
76	瘟家宝	1	1	1	1
77	假庆林	1	1	1	1
78	甲庆林	1	1	1	1
79	假青林	1	1	1	1
80	离长春	1	1	1	1
81	习远平	1	1	1	1
82	袭近平	1	1	1	1
83	李磕墙	1	1	1	1
84	贺过墙	1	1	1	1
85	和锅枪	1	1	1	1
86	粥永康	1	1	1	1
87	轴永康	1	1	1	1
88	肘永康	1	1	1	1
89	赫鲁晓夫	1	1	1	1
90	列宁	1	1	1	1
91	斯大林	1	1	1	1
92	马克思	1	1	1	1
93	恩格斯	1	1	1	1
94	金正日	1	1	1	1
95	金日成	1	1	1	1
96	班禅	1	1	1	1
97	额尔德尼	1	1	1	1
98	民运	1	1	1	1
99	六四运动	1	1	1	1
100	民主潮	1	1	1	1
101	南华早报	1	1	1	1
102	人民报讯	1	1	1	1
103	人民报	1	1	1	1
104	天安门事件	1	1	1	1
105	学潮	1	1	1	1
106	学联	1	1	1	1
107	学运	1	1	1	1
108	学自联	1	1	1	1
109	政治反对派	1	1	1	1
110	民主党	1	1	1	1
111	中国之春	1	1	1	1
112	高治联	1	1	1	1
113	高自联	1	1	1	1
114	赵紫阳	1	1	1	1
115	高丽朴	1	1	1	1
116	柴玲	1	1	1	1
117	王丹	1	1	1	1
118	沃尔开西	1	1	1	1
119	大中华论坛	1	1	1	1
120	大众真人真事	1	1	1	1
121	工自联	1	1	1	1
122	华通时事论坛	1	1	1	1
123	华夏文摘	1	1	1	1
124	华语世界论坛	1	1	1	1
125	华岳时事论坛	1	1	1	1
126	人民之声论坛	1	1	1	1
127	天安门录影带	1	1	1	1
128	天安门屠杀	1	1	1	1
129	天安门一代	1	1	1	1
130	新华通论坛	1	1	1	1
131	自由民主论坛	1	1	1	1
132	民阵	1	1	1	1
133	北大三角地论坛	1	1	1	1
134	热站政论网	1	1	1	1
135	世界经济导报	1	1	1	1
136	万维读者论坛	1	1	1	1
137	新观察论坛	1	1	1	1
138	中国问题论坛	1	1	1	1
139	钟山风雨论坛	1	1	1	1
140	E周刊	1	1	1	1
141	美国参考	1	1	1	1
142	人民大众时事参考	1	1	1	1
143	美国之音	1	1	1	1
144	北美自由论坛	1	1	1	1
145	人民内情真相	1	1	1	1
146	新闻封锁	1	1	1	1
147	鸡毛信文汇	1	1	1	1
148	新华举报	1	1	1	1
149	新华内情	1	1	1	1
150	广闻	1	1	1	1
151	联总之声传单	1	1	1	1
152	人民真实	1	1	1	1
153	大纪元	1	1	1	1
154	大纪元新闻网	1	1	1	1
155	大纪园	1	1	1	1
156	大家论坛	1	1	1	1
157	大中国论坛	1	1	1	1
158	东北独立	1	1	1	1
159	东方红时空	1	1	1	1
160	东方时空	1	1	1	1
161	东南西北论谈	1	1	1	1
162	东西南北论坛	1	1	1	1
163	风雨神州论坛	1	1	1	1
164	风雨神州	1	1	1	1
165	联总	1	1	1	1
166	廉政大论坛	1	1	1	1
167	自由运动	1	1	1	1
168	南大自由论坛	1	1	1	1
169	你说我说论坛	1	1	1	1
170	轻舟快讯	1	1	1	1
171	时代论坛	1	1	1	1
172	时事论坛	1	1	1	1
173	数据中国	1	1	1	1
174	外交论坛	1	1	1	1
175	外交与方略	1	1	1	1
176	无界浏览器	1	1	1	1
177	新生网	1	1	1	1
178	新义安	1	1	1	1
179	新语丝	1	1	1	1
180	央视内部晚会	1	1	1	1
181	异见人士	1	1	1	1
182	异议人士	1	1	1	1
183	舆论反制	1	1	1	1
184	舆论	1	1	1	1
185	宇明网	1	1	1	1
186	争鸣论坛	1	1	1	1
187	正见网	1	1	1	1
188	正义党论坛	1	1	1	1
189	指点江山论坛	1	1	1	1
190	中俄边界	1	1	1	1
191	中国复兴论坛	1	1	1	1
192	中国孤儿院	1	1	1	1
193	中国和平	1	1	1	1
194	中国论坛	1	1	1	1
195	中国社会进步党	1	1	1	1
196	中国社会论坛	1	1	1	1
197	中国威胁论	1	1	1	1
198	中国真实内容	1	1	1	1
199	中国猪	1	1	1	1
200	中华讲清	1	1	1	1
201	中华民国	1	1	1	1
202	中华人民实话实说	1	1	1	1
203	中华人民正邪	1	1	1	1
204	中华时事	1	1	1	1
205	中华养生益智功	1	1	1	1
206	中华真实报道	1	1	1	1
207	人权	1	1	1	1
208	民猪	1	1	1	1
209	起义	1	1	1	1
210	示威	1	1	1	1
211	屠杀	1	1	1	1
212	专政	1	1	1	1
213	独裁	1	1	1	1
214	造反	1	1	1	1
215	镇压	1	1	1	1
216	政变	1	1	1	1
217	政治犯	1	1	1	1
218	反党	1	1	1	1
219	纳粹	1	1	1	1
220	太子党	1	1	1	1
221	新党	1	1	1	1
222	北京当局	1	1	1	1
223	持不同政见	1	1	1	1
224	政见	1	1	1	1
225	独裁政治	1	1	1	1
226	独夫	1	1	1	1
227	反封锁技术	1	1	1	1
228	反腐败论坛	1	1	1	1
229	反人类	1	1	1	1
230	反社会	1	1	1	1
231	黑社会	1	1	1	1
232	黑手党	1	1	1	1
233	劳动教养所	1	1	1	1
234	劳改	1	1	1	1
235	劳教	1	1	1	1
236	卖国	1	1	1	1
237	法轮功	1	1	1	1
238	法轮	1	1	1	1
239	大法	1	1	1	1
240	李宏志	1	1	1	1
241	李洪志	1	1	1	1
242	李大师	1	1	1	1
243	真善忍	1	1	1	1
244	圆满	1	1	1	1
245	宏志	1	1	1	1
246	发伦	1	1	1	1
247	发抡	1	1	1	1
248	发沦	1	1	1	1
249	法伦	1	1	1	1
250	法抡	1	1	1	1
251	法囵	1	1	1	1
252	法仑	1	1	1	1
253	法纶	1	1	1	1
254	发仑	1	1	1	1
255	发囵	1	1	1	1
256	法轮大法	1	1	1	1
257	fa轮	1	1	1	1
258	正法	1	1	1	1
259	静坐	1	1	1	1
260	自焚	1	1	1	1
261	发轮功	1	1	1	1
262	发轮	1	1	1	1
263	功友	1	1	1	1
264	明慧	1	1	1	1
265	大法弟子	1	1	1	1
266	三去车仑工力	1	1	1	1
267	氵去车仑工力	1	1	1	1
268	达赖	1	1	1	1
269	达癞	1	1	1	1
270	达赖喇嘛	1	1	1	1
271	密宗	1	1	1	1
272	西藏独立	1	1	1	1
273	西藏分裂	1	1	1	1
274	西藏国	1	1	1	1
275	藏独	1	1	1	1
276	藏青会	1	1	1	1
277	藏妇会	1	1	1	1
278	西藏独	1	1	1	1
279	_]	1	1	1	1
280	藏	1	1	1	1
281	西藏	1	1	1	1
282	嫖娼	1	1	1	1
283	谋杀	1	1	1	1
284	杀人	1	1	1	1
285	吸毒	1	1	1	1
286	贩毒	1	1	1	1
287	赌博	1	1	1	1
288	拐卖	1	1	1	1
289	走私	1	1	1	1
290	卖淫	1	1	1	1
291	强奸	1	1	1	1
292	抢劫	1	1	1	1
293	先奸后杀	1	1	1	1
294	盗窃	1	1	1	1
295	杀你全家	1	1	1	1
296	杀你一家	1	1	1	1
297	杀人犯	1	1	1	1
298	抽头	1	1	1	1
299	坐庄	1	1	1	1
300	赌马	1	1	1	1
301	赌球	1	1	1	1
302	老虎机	1	1	1	1
303	轮盘赌	1	1	1	1
304	安非他命	1	1	1	1
305	大麻	1	1	1	1
306	可卡因	1	1	1	1
307	海洛因	1	1	1	1
308	冰毒	1	1	1	1
309	摇头丸	1	1	1	1
310	杜冷丁	1	1	1	1
311	鸦片	1	1	1	1
312	罂粟	1	1	1	1
313	迷幻药	1	1	1	1
314	白粉	1	1	1	1
315	嗑药	1	1	1	1
316	I`	1	1	1	1
317	⒛闳家	1	1	1	1
318	⒛阋患	1	1	1	1
319	⑷朔	1	1	1	1
320	释迦牟尼	1	1	1	1
321	回教	1	1	1	1
322	摩门教	1	1	1	1
323	穆罕默德	1	1	1	1
324	穆斯林	1	1	1	1
325	升天	1	1	1	1
326	圣母	1	1	1	1
327	圣战	1	1	1	1
328	耶和华	1	1	1	1
329	耶稣	1	1	1	1
330	伊斯兰	1	1	1	1
331	伊斯兰亚格林尼斯	1	1	1	1
332	真主安拉	1	1	1	1
333	白莲教	1	1	1	1
334	天主教	1	1	1	1
335	基督教	1	1	1	1
336	东正教	1	1	1	1
337	瘸腿帮	1	1	1	1
338	一贯道	1	1	1	1
339	跳大神	1	1	1	1
340	真理教	1	1	1	1
341	大卫教	1	1	1	1
342	教徒	1	1	1	1
343	经文	1	1	1	1
344	高丽棒子	1	1	1	1
345	蒙古鞑子	1	1	1	1
346	蒙独	1	1	1	1
347	蒙古达子	1	1	1	1
348	蒙古独	1	1	1	1
349	蒙古独立	1	1	1	1
350	南蛮	1	1	1	1
351	回民吃猪肉	1	1	1	1
352	回民暴动	1	1	1	1
353	南蛮子	1	1	1	1
354	伊斯m格林尼斯	1	1	1	1
355	文	1	1	1	1
356	蒙	1	1	1	1
357	蒙古_子	1	1	1	1
358	回民暴	1	1	1	1
359	南U子	1	1	1	1
360	热比娅	1	1	1	1
361	疆独立	1	1	1	1
362	新疆分裂	1	1	1	1
363	新疆国	1	1	1	1
364	新疆独	1	1	1	1
365	疆独	1	1	1	1
366	基地组织	1	1	1	1
367	塔利班	1	1	1	1
368	恐怖主义	1	1	1	1
369	75事件	1	1	1	1
370	打砸抢烧	1	1	1	1
371	东突暴动	1	1	1	1
372	东突独立	1	1	1	1
373	东土耳其斯坦	1	1	1	1
374	东突厥斯坦伊斯兰运动	1	1	1	1
375	突厥斯坦	1	1	1	1
376	东突	1	1	1	1
377	印尼伊斯兰祈祷团	1	1	1	1
378	中俄边界新约	1	1	1	1
379	岜I	1	1	1	1
380	新疆	1	1	1	1
381	恐怖主x	1	1	1	1
382	打砸	1	1	1	1
383	|突暴	1	1	1	1
384	|突立	1	1	1	1
385	|土耳其斯坦	1	1	1	1
386	政治运动	1	1	1	1
387	政治风波	1	1	1	1
388	江青	1	1	1	1
389	张春桥	1	1	1	1
390	姚文元	1	1	1	1
391	王洪文	1	1	1	1
392	苏家屯	1	1	1	1
393	曹长青	1	1	1	1
394	动乱	1	1	1	1
395	反革命	1	1	1	1
396	简鸿章	1	1	1	1
397	上海帮	1	1	1	1
398	四川独	1	1	1	1
399	四川独立	1	1	1	1
400	四人帮	1	1	1	1
401	放荡	1	1	1	1
402	自慰	1	1	1	1
403	作爱	1	1	1	1
404	做爱	1	1	1	1
405	爱滋	1	1	1	1
406	艾滋	1	1	1	1
407	处女膜	1	1	1	1
408	性病	1	1	1	1
409	打飞机	1	1	1	1
410	大巴	1	1	1	1
411	红灯区	1	1	1	1
412	黄片	1	1	1	1
413	金枪不倒	1	1	1	1
414	经血	1	1	1	1
415	茎候佳阴	1	1	1	1
416	军妓	1	1	1	1
417	开苞	1	1	1	1
418	开放杂志	1	1	1	1
419	拉皮条	1	1	1	1
420	乱伦	1	1	1	1
421	乱轮	1	1	1	1
422	卖比	1	1	1	1
423	卖骚	1	1	1	1
424	木子论坛	1	1	1	1
425	奶头	1	1	1	1
426	皮条客	1	1	1	1
427	情妇	1	1	1	1
428	情兽	1	1	1	1
429	让你操	1	1	1	1
430	三级片	1	1	1	1
431	射了还说要	1	1	1	1
432	生孩子没屁眼	1	1	1	1
433	湿了还说不要	1	1	1	1
434	湿了还说要	1	1	1	1
435	私处	1	1	1	1
436	阉狗	1	1	1	1
437	下贱	1	1	1	1
438	下体	1	1	1	1
439	小	1	1	1	1
440	性爱	1	1	1	1
441	性无能	1	1	1	1
442	颜射	1	1	1	1
443	阳具	1	1	1	1
444	阳痿	1	1	1	1
445	阳物	1	1	1	1
446	野	1	1	1	1
447	一陀粪	1	1	1	1
448	瘗	1	1	1	1
449	阴精	1	1	1	1
450	阴毛	1	1	1	1
451	阴囊	1	1	1	1
452	阴水	1	1	1	1
453	淫荡	1	1	1	1
454	淫货	1	1	1	1
455	淫贱	1	1	1	1
456	幼齿	1	1	1	1
457	月经	1	1	1	1
458	杂种	1	1	1	1
459	造爱	1	1	1	1
460	招	1	1	1	1
461	贞操	1	1	1	1
462	放	1	1	1	1
463	作	1	1	1	1
464	做	1	1	1	1
465	圩	1	1	1	1
466	女膜	1	1	1	1
467	吹	1	1	1	1
468	打wC	1	1	1	1
469	D	1	1	1	1
470	t^	1	1	1	1
471	S片	1	1	1	1
472	金不倒	1	1	1	1
473	血	1	1	1	1
474	o候佳	1	1	1	1
475	妓	1	1	1	1
476	_苞	1	1	1	1
477	_放s志	1	1	1	1
478	拉皮l	1	1	1	1
479	y交	1	1	1	1
480	y	1	1	1	1
481	y	1	1	1	1
482	奸	1	1	1	1
483	u逼	1	1	1	1
484	u比	1	1	1	1
485	u}	1	1	1	1
486	木子	1	1	1	1
487	妊	1	1	1	1
488	纫	1	1	1	1
489	奶^	1	1	1	1
490	皮l客	1	1	1	1
491	D	1	1	1	1
492	禽F	1	1	1	1
493	情D	1	1	1	1
494	情F	1	1	1	1
495	你操	1	1	1	1
496	乳^	1	1	1	1
497	乳	1	1	1	1
498	三片	1	1	1	1
499	射了f要	1	1	1	1
500	生孩子]屁眼	1	1	1	1
501	窳诉f不要	1	1	1	1
502	窳诉f要	1	1	1	1
503	私	1	1	1	1
504	太O	1	1	1	1
505	狗	1	1	1	1
506	下v	1	1	1	1
507	下w	1	1	1	1
508	性	1	1	1	1
509	性o能	1	1	1	1
510	射	1	1	1	1
511	具	1	1	1	1
512	痿	1	1	1	1
513	物	1	1	1	1
514	一陀S	1	1	1	1
515	z精	1	1	1	1
516		1	1	1	1
517	部	1	1	1	1
518	唇	1	1	1	1
519	道	1	1	1	1
520	蒂	1	1	1	1
521		1	1	1	1
522	o	1	1	1	1
523	精	1	1	1	1
524	毛	1	1	1	1
525	T	1	1	1	1
526	囊	1	1	1	1
527	水	1	1	1	1
528	淫	1	1	1	1
529	淫x	1	1	1	1
530	淫	1	1	1	1
531	淫v	1	1	1	1
532	幼X	1	1	1	1
533	月	1	1	1	1
534	sN	1	1	1	1
535	造	1	1	1	1
536	操	1	1	1	1
537	一边一国	1	1	1	1
538	江八点	1	1	1	1
539	吕秀莲	1	1	1	1
540	李登辉	1	1	1	1
541	阿扁万岁	1	1	1	1
542	陈炳基	1	1	1	1
543	陈博志	1	1	1	1
544	陈定南	1	1	1	1
545	陈建铭	1	1	1	1
546	陈景俊	1	1	1	1
547	陈菊	1	1	1	1
548	陈军	1	1	1	1
549	陈蒙	1	1	1	1
550	陈破空	1	1	1	1
551	陈水扁	1	1	1	1
552	陈唐山	1	1	1	1
553	陈希同	1	1	1	1
554	陈小同	1	1	1	1
555	陈宣良	1	1	1	1
556	陈学圣	1	1	1	1
557	陈一咨	1	1	1	1
558	陈总统	1	1	1	1
559	独立台湾会	1	1	1	1
560	两岸关系	1	1	1	1
561	两岸三地论坛	1	1	1	1
562	两个中国	1	1	1	1
563	陆委会	1	1	1	1
564	民进党	1	1	1	1
565	双十节	1	1	1	1
566	苏贞昌	1	1	1	1
567	台盟	1	1	1	1
568	台湾帝国	1	1	1	1
569	台湾独立	1	1	1	1
570	台湾独	1	1	1	1
571	台湾狗	1	1	1	1
572	台湾建国运动组织	1	1	1	1
573	台湾民国	1	1	1	1
574	台湾青年独立联盟	1	1	1	1
575	台湾政论区	1	1	1	1
576	台湾自由联盟	1	1	1	1
577	统独	1	1	1	1
578	统独论坛	1	1	1	1
579	统战	1	1	1	1
580	谢长廷	1	1	1	1
581	自民党	1	1	1	1
582	保钓	1	1	1	1
583	北韩	1	1	1	1
584	朝鲜	1	1	1	1
585	大参考	1	1	1	1
586	大东亚	1	1	1	1
587	大东亚共荣	1	1	1	1
588	帝国主义	1	1	1	1
589	钓鱼岛	1	1	1	1
590	东条	1	1	1	1
591	东条英机	1	1	1	1
592	膏药旗	1	1	1	1
593	共荣圈	1	1	1	1
594	韩东方	1	1	1	1
595	韩联潮	1	1	1	1
596	韩正	1	1	1	1
597	汉奸	1	1	1	1
598	皇军	1	1	1	1
599	黄祸	1	1	1	1
600	靖国神社	1	1	1	1
601	亲美	1	1	1	1
602	亲民党	1	1	1	1
603	亲日	1	1	1	1
604	日本帝国	1	1	1	1
605	日军	1	1	1	1
606	萨达姆	1	1	1	1
607	三K党	1	1	1	1
608	山口组	1	1	1	1
609	小泉纯一郎	1	1	1	1
610	系统消息	1	1	1	1
611	系统公告	1	1	1	1
612	管理员	1	1	1	1
613	客户服务	1	1	1	1
614	客服	1	1	1	1
615	发奖	1	1	1	1
616	中奖	1	1	1	1
617	抽奖	1	1	1	1
618	账号	1	1	1	1
619	系y消息	1	1	1	1
620	管理T	1	1	1	1
621	管理T	1	1	1	1
622	中	1	1	1	1
623	抽	1	1	1	1
624	~	1	1	1	1
625	周恩	1	1	1	1
626	碡 	1	1	1	1
627	籀	1	1	1	1
628	朱熔基	1	1	1	1
629	邾	1	1	1	1
630	猪操	1	1	1	1
631	猪聋畸	1	1	1	1
632	猪毛	1	1	1	1
633	舳	1	1	1	1
634	瘃	1	1	1	1
635	躅	1	1	1	1
636	翥	1	1	1	1
637	Ｕ	1	1	1	1
638	颛	1	1	1	1
639	丬	1	1	1	1
640	隹	1	1	1	1
641	窀	1	1	1	1
642	卓伯源	1	1	1	1
643	倬	1	1	1	1
644	斫	1	1	1	1
645	诼	1	1	1	1
646	髭	1	1	1	1
647	鲻	1	1	1	1
648	子宫	1	1	1	1
649	秭	1	1	1	1
650	訾	1	1	1	1
651	偬	1	1	1	1
652	艹	1	1	1	1
653	陬	1	1	1	1
654	鄹	1	1	1	1
655	鲰	1	1	1	1
656	躜	1	1	1	1
657	缵	1	1	1	1
658	作秀	1	1	1	1
659	阼	1	1	1	1
660	祚	1	1	1	1
661	阿扁fq	1	1	1	1
662	阿R娜	1	1	1	1
663	啊o卵	1	1	1	1
664		1	1	1	1
665	S	1	1	1	1
666	W克拉	1	1	1	1
667	白立	1	1	1	1
668	白皮	1	1	1	1
669	班U	1	1	1	1
670	保	1	1	1	1
671	暴y	1	1	1	1
672	北大三角地	1	1	1	1
673	北n	1	1	1	1
674	北京局	1	1	1	1
675	北美自由	1	1	1	1
676	尤	1	1	1	1
677	x	1	1	1	1
678	逼	1	1	1	1
679	比	1	1	1	1
680		1	1	1	1
681	R	1	1	1	1
682	s	1	1	1	1
683	婊子B的 	1	1	1	1
684	e周	1	1	1	1
685	冰後	1	1	1	1
686	博	1	1	1	1
687	不爽不要X	1	1	1	1
688	布R	1	1	1	1
689	布雷	1	1	1	1
690	蔡崇	1	1	1	1
691	蔡芳	1	1	1	1
692	o	1	1	1	1
693	操	1	1	1	1
694	操那B	1	1	1	1
695	操那岜	1	1	1	1
696	操那岜	1	1	1	1
697	操你	1	1	1	1
698	操你	1	1	1	1
699	曹L青	1	1	1	1
700	曹川	1	1	1	1
701	草你	1	1	1	1
702	草M	1	1	1	1
703	册那娘I比	1	1	1	1
704	插那B	1	1	1	1
705	插那岜	1	1	1	1
706	插那岜	1	1	1	1
707	插你	1	1	1	1
708	插你	1	1	1	1
709		1	1	1	1
710	r	1	1	1	1
711		1	1	1	1
712		1	1	1	1
713	常	1	1	1	1
714	朝r	1	1	1	1
715	雠	1	1	1	1
716	炳基	1	1	1	1
717	博志	1	1	1	1
718	定南	1	1	1	1
719	建	1	1	1	1
720	景俊	1	1	1	1
721	菊	1	1	1	1
722		1	1	1	1
723	良宇	1	1	1	1
724	蒙	1	1	1	1
725	破空	1	1	1	1
726	水扁	1	1	1	1
727	唐山	1	1	1	1
728	希同	1	1	1	1
729	小同	1	1	1	1
730	宣良	1	1	1	1
731	W}	1	1	1	1
732	一J	1	1	1	1
733	y	1	1	1	1
734	R	1	1	1	1
735	Z	1	1	1	1
736		1	1	1	1
737		1	1	1	1
738	程P	1	1	1	1
739	程F	1	1	1	1
740	|	1	1	1	1
741	痴F	1	1	1	1
742	痴拈	1	1	1	1
743	持不同政 	1	1	1	1
744	赤色T士	1	1	1	1
745	赤色鹗	1	1	1	1
746	春夏自由	1	1	1	1
747	戳那B	1	1	1	1
748	戳那岜	1	1	1	1
749	戳那岜	1	1	1	1
750		1	1	1	1
751	z	1	1	1	1
752	eB	1	1	1	1
753	e逼	1	1	1	1
754	e比	1	1	1	1
755	e那B	1	1	1	1
756	e那岜	1	1	1	1
757	e那岜	1	1	1	1
758	大⒖	1	1	1	1
759	大|	1	1	1	1
760	大|共s	1	1	1	1
761	大o元	1	1	1	1
762	大o元新W	1	1	1	1
763	大o@	1	1	1	1
764	大家	1	1	1	1
765	大奶	1	1	1	1
766	大史	1	1	1	1
767	大史o	1	1	1	1
768	大l教	1	1	1	1
769	大中	1	1	1	1
770	大中A	1	1	1	1
771	大\真人真事	1	1	1	1
772	H	1	1	1	1
773	戴S教	1	1	1	1
774	戴相	1	1	1	1
775	劾	1	1	1	1
776		1	1	1	1
777	I`犯	1	1	1	1
778	德S	1	1	1	1
779	登x	1	1	1	1
780	笑	1	1	1	1
781	e	1	1	1	1
782	迪Y夏提	1	1	1	1
783	]	1	1	1	1
784	地下教	1	1	1	1
785	帝主x	1	1	1	1
786	流氓	1	1	1	1
787	叼你	1	1	1	1
788	~u	1	1	1	1
789	丁P根	1	1	1	1
790	|北立	1	1	1	1
791	|方tr空	1	1	1	1
792	|方r空	1	1	1	1
793	|南西北	1	1	1	1
794	|社	1	1	1	1
795	|升	1	1	1	1
796	|l	1	1	1	1
797	|l英C	1	1	1	1
798	|西南北	1	1	1	1
799	|	1	1	1	1
800	y	1	1	1	1
801	裁	1	1	1	1
802	裁政治	1	1	1	1
803	夫	1	1	1	1
804	立_	1	1	1	1
805	b	1	1	1	1
806	l楞	1	1	1	1
807	l	1	1	1	1
808	l喙	1	1	1	1
809	l	1	1	1	1
810	l功	1	1	1	1
811	l	1	1	1	1
812	l	1	1	1	1
813	l公	1	1	1	1
814	l功	1	1	1	1
815	l}	1	1	1	1
816	l正念	1	1	1	1
817	法	1	1	1	1
818	法S	1	1	1	1
819	法]	1	1	1	1
820	法	1	1	1	1
821	法	1	1	1	1
822	法卡	1	1	1	1
823	法	1	1	1	1
824	法喙	1	1	1	1
825	法	1	1	1	1
826	法大法	1	1	1	1
827	法功	1	1	1	1
828	法十十功	1	1	1	1
829	法	1	1	1	1
830	法功	1	1	1	1
831	反封i技g	1	1	1	1
832	反腐≌	1	1	1	1
833	反人	1	1	1	1
834	反社	1	1	1	1
835	方钪	1	1	1	1
836	wP	1	1	1	1
837	M泰	1	1	1	1
838	M良勇	1	1	1	1
839	粉太平	1	1	1	1
840	S便	1	1	1	1
841	a	1	1	1	1
842	L雨神州	1	1	1	1
843	L雨神州	1	1	1	1
844	封牡	1	1	1	1
845	T|海	1	1	1	1
846	T素英	1	1	1	1
847		1	1	1	1
848	L	1	1	1	1
849	` 	1	1	1	1
850	傅作x	1	1	1	1
851	bi	1	1	1	1
852	直	1	1	1	1
853	直	1	1	1	1
854	值哪	1	1	1	1
855		1	1	1	1
856	炙	1	1	1	1
857	帜	1	1	1	1
858	帜憷媳	1	1	1	1
859	帜憷夏	1	1	1	1
860	帜隳	1	1	1	1
861	秩家	1	1	1	1
862	炙	1	1	1	1
863	炙滥	1	1	1	1
864	炙	1	1	1	1
865	忠患	1	1	1	1
866	s你娘	1	1	1	1
867	n	1	1	1	1
868	比	1	1	1	1
869	比幼	1	1	1	1
870	肛T	1	1	1	1
871	高棒子	1	1	1	1
872	高文t	1	1	1	1
873	高薪B廉	1	1	1	1
874	高自	1	1	1	1
875	膏旗	1	1	1	1
876	派	1	1	1	1
877	歌功德	1	1	1	1
878		1	1	1	1
879	工自	1	1	1	1
880	弓m	1	1	1	1
881	共b	1	1	1	1
882	共bh	1	1	1	1
883	共b主x	1	1	1	1
884	共h	1	1	1	1
885	共	1	1	1	1
886	共s圈	1	1	1	1
887		1	1	1	1
888	狗\	1	1	1	1
889	狗狼B的	1	1	1	1
890	狗娘B的	1	1	1	1
891	狗B	1	1	1	1
892	狗sN	1	1	1	1
893	M	1	1	1	1
894		1	1	1	1
895	A	1	1	1	1
896		1	1	1	1
897		1	1	1	1
898	P卓中	1	1	1	1
899	通O法	1	1	1	1
900	V	1	1	1	1
901		1	1	1	1
902	鹤	1	1	1	1
903	公	1	1	1	1
904	O子	1	1	1	1
905	^	1	1	1	1
906	投	1	1	1	1
907		1	1	1	1
908	i	1	1	1	1
909	L那	1	1	1	1
910	L那B	1	1	1	1
911	L那徨e比	1	1	1	1
912	L那崂媳	1	1	1	1
913	L那嵛帘	1	1	1	1
914		1	1	1	1
915	J	1	1	1	1
916	郭俊	1	1	1	1
917	郭_基	1	1	1	1
918	郭岩A	1	1	1	1
919	家安全	1	1	1	1
920	家C密	1	1	1	1
921		1	1	1	1
922	\	1	1	1	1
923	n|方	1	1	1	1
924	n潮	1	1	1	1
925	n正	1	1	1	1
926	h奸	1	1	1	1
927		1	1	1	1
928	河	1	1	1	1
929	R强	1	1	1	1
930	R	1	1	1	1
931	黑社	1	1	1	1
932	黑手h	1	1	1	1
933	t色恐怖	1	1	1	1
934	t炎猛F	1	1	1	1
935	洪	1	1	1	1
936	洪d	1	1	1	1
937	洪哲	1	1	1	1
938	Z	1	1	1	1
939	c	1	1	1	1
940	胡o掏	1	1	1	1
941	胡\滔	1	1	1	1
942	胡\淘	1	1	1	1
943	胡景	1	1	1	1
944	胡棠	1	1	1	1
945	胡	1	1	1	1
946	I	1	1	1	1
947	A建敏	1	1	1	1
948	A通r事	1	1	1	1
949	A夏文摘	1	1	1	1
950	AZ世界	1	1	1	1
951	A岳r事	1	1	1	1
952	D	1	1	1	1
953	皇	1	1	1	1
954	S伯源	1	1	1	1
955	S慈萍	1	1	1	1
956	S	1	1	1	1
957	Sx	1	1	1	1
958	S菊	1	1	1	1
959	S翔	1	1	1	1
960	Sx交	1	1	1	1
961	S仲生	1	1	1	1
962		1	1	1	1
963	D	1	1	1	1
964	x	1	1	1	1
965	8	1	1	1	1
966	八	1	1	1	1
967	巴	1	1	1	1
968	吧	1	1	1	1
969		1	1	1	1
970	奸	1	1	1	1
971	毛信文R	1	1	1	1
972	女	1	1	1	1
973	院	1	1	1	1
974	姬俚	1	1	1	1
975	}	1	1	1	1
976	q	1	1	1	1
977	Z廷安	1	1	1	1
978	Z育台	1	1	1	1
979		1	1	1	1
980		1	1	1	1
981	d	1	1	1	1
982	肇	1	1	1	1
983	建h	1	1	1	1
984	vB	1	1	1	1
985	vbi	1	1	1	1
986	v逼	1	1	1	1
987	v比	1	1	1	1
988	v	1	1	1	1
989	v人	1	1	1	1
990	vN	1	1	1	1
991	江八c	1	1	1	1
992	江_	1	1	1	1
993	江d恒	1	1	1	1
994	江蜃	1	1	1	1
995	江t民	1	1	1	1
996	江苫	1	1	1	1
997	江\	1	1	1	1
998	江\民	1	1	1	1
999	K春	1	1	1	1
1000	t民	1	1	1	1
1001	僵\	1	1	1	1
1002	僵\民	1	1	1	1
1003	v法	1	1	1	1
1004	Y介石	1	1	1	1
1005	Y中正	1	1	1	1
1006	u猪媳	1	1	1	1
1007		1	1	1	1
1008		1	1	1	1
1009	教B院	1	1	1	1
1010	X	1	1	1	1
1011	揭批	1	1	1	1
1012		1	1	1	1
1013	她	1	1	1	1
1014	届中央政治局委T	1	1	1	1
1015	金蛉	1	1	1	1
1016	金沙	1	1	1	1
1017		1	1	1	1
1018	\	1	1	1	1
1019	靖神社	1	1	1	1
1020	e	1	1	1	1
1021		1	1	1	1
1022		1	1	1	1
1023	^望之地	1	1	1	1
1024	H	1	1	1	1
1025	砍翻一l街	1	1	1	1
1026	看中	1	1	1	1
1027	R	1	1	1	1
1028	靠你	1	1	1	1
1029	柯n海	1	1	1	1
1030	柯建	1	1	1	1
1031	客舴	1	1	1	1
1032	~	1	1	1	1
1033	g	1	1	1	1
1034		1	1	1	1
1035	\文	1	1	1	1
1036	L	1	1	1	1
1037	昆D	1	1	1	1
1038	拉姆斯菲德	1	1	1	1
1039	士葆	1	1	1	1
1040	B	1	1	1	1
1041	逼	1	1	1	1
1042	比	1	1	1	1
1043	袋	1	1	1	1
1044		1	1	1	1
1045	EB	1	1	1	1
1046	E逼	1	1	1	1
1047	E比	1	1	1	1
1048	E	1	1	1	1
1049	E交	1	1	1	1
1050	咏甜B所	1	1	1	1
1051	诟	1	1	1	1
1052	诮	1	1	1	1
1053		1	1	1	1
1054	C	1	1	1	1
1055	李t痔	1	1	1	1
1056	李洪	1	1	1	1
1057	李^耐	1	1	1	1
1058	李m菊	1	1	1	1
1059	李老	1	1	1	1
1060	李	1	1	1	1
1061	李	1	1	1	1
1062	李c安	1	1	1	1
1063	李cA	1	1	1	1
1064	李淑	1	1	1	1
1065	李F映	1	1	1	1
1066	李旺	1	1	1	1
1067	李小i	1	1	1	1
1068	李月月B	1	1	1	1
1069	李志	1	1	1	1
1070	李理	1	1	1	1
1071	李y	1	1	1	1
1072	Y菲斯	1	1	1	1
1073	k	1	1	1	1
1074	]	1	1	1	1
1075	V	1	1	1	1
1076	Y	1	1	1	1
1077	B方r	1	1	1	1
1078	B惠心	1	1	1	1
1079	B俚	1	1	1	1
1080	B傥	1	1	1	1
1081	B	1	1	1	1
1082		1	1	1	1
1083	廉政大	1	1	1	1
1084	功	1	1	1	1
1085	砂蛾PS	1	1	1	1
1086	砂度地	1	1	1	1
1087	中	1	1	1	1
1088	蟮	1	1	1	1
1089	新	1	1	1	1
1090	廖a 	1	1	1	1
1091	林保A	1	1	1	1
1092	林L盛	1	1	1	1
1093	林佳	1	1	1	1
1094	林信x	1	1	1	1
1095	林正	1	1	1	1
1096	林重	1	1	1	1
1097	k鸡巴	1	1	1	1
1098	Rh	1	1	1	1
1099	①e深	1	1	1	1
1100	①e雁	1	1	1	1
1101		1	1	1	1
1102	P	1	1	1	1
1103	⑷A清	1	1	1	1
1104	⒖	1	1	1	1
1105	P中	1	1	1	1
1106	⑶石	1	1	1	1
1107	⑶	1	1	1	1
1108	⑸角	1	1	1	1
1109	⑹抠t	1	1	1	1
1110	⑽	1	1	1	1
1111	⑽男	1	1	1	1
1112	圆	1	1	1	1
1113	灾	1	1	1	1
1114	⒂来	1	1	1	1
1115	w	1	1	1	1
1116	虎豹	1	1	1	1
1117	委	1	1	1	1
1118	`	1	1	1	1
1119	尉┗	1	1	1	1
1120	涡闵	1	1	1	1
1121	s	1	1	1	1
1122	喙	1	1	1	1
1123	功	1	1	1	1
1124	大	1	1	1	1
1125	功	1	1	1	1
1126	_福助	1	1	1	1
1127	_	1	1	1	1
1128	_Y	1	1	1	1
1129	_文嘉	1	1	1	1
1130	_志明	1	1	1	1
1131	T	1	1	1	1
1132	T	1	1	1	1
1133	B	1	1	1	1
1134	比	1	1	1	1
1135	的	1	1	1	1
1136	批	1	1	1	1
1137	R大S	1	1	1	1
1138	R克思	1	1	1	1
1139	R良E	1	1	1	1
1140	R三家	1	1	1	1
1141	Rr敏	1	1	1	1
1142	R特斯	1	1	1	1
1143	R英九	1	1	1	1
1144	R永成	1	1	1	1
1145	雅	1	1	1	1
1146	岬	1	1	1	1
1147	岱	1	1	1	1
1148		1	1	1	1
1149	克斯	1	1	1	1
1150	u	1	1	1	1
1151	u淫	1	1	1	1
1152	m	1	1	1	1
1153	毛洞	1	1	1	1
1154	毛\	1	1	1	1
1155	毛\|	1	1	1	1
1156	美⒖	1	1	1	1
1157	美佬	1	1	1	1
1158	美之音	1	1	1	1
1159	蒙古	1	1	1	1
1160	蒙古立	1	1	1	1
1161	[	1	1	1	1
1162	d	1	1	1	1
1163	d恒	1	1	1	1
1164	w	1	1	1	1
1165	民	1	1	1	1
1166	民Mh	1	1	1	1
1167	民	1	1	1	1
1168	民意	1	1	1	1
1169	民	1	1	1	1
1170	民主	1	1	1	1
1171		1	1	1	1
1172		1	1	1	1
1173		1	1	1	1
1174	摸你巴 	1	1	1	1
1175	莫デ	1	1	1	1
1176	那B	1	1	1	1
1177	那岜	1	1	1	1
1178	那徨e比	1	1	1	1
1179	那崂媳	1	1	1	1
1180	那嵛帘	1	1	1	1
1181	那娘e比	1	1	1	1
1182	{粹	1	1	1	1
1183	南大自由	1	1	1	1
1184	[事	1	1	1	1
1185	能	1	1	1	1
1186	尼W夫	1	1	1	1
1187	倪育t	1	1	1	1
1188	F	1	1	1	1
1189	你	1	1	1	1
1190	你逼	1	1	1	1
1191	你比	1	1	1	1
1192	你的	1	1	1	1
1193	你了妹	1	1	1	1
1194	你f我f	1	1	1	1
1195	你 	1	1	1	1
1196	娘I比	1	1	1	1
1197	捏你巴	1	1	1	1
1198	z著n	1	1	1	1
1199	z著卵	1	1	1	1
1200	女	1	1	1	1
1201		1	1	1	1
1202	Z姆	1	1	1	1
1203	潘平	1	1	1	1
1204	 	1	1	1	1
1205	建	1	1	1	1
1206	泡沫	1	1	1	1
1207	\	1	1	1	1
1208	你	1	1	1	1
1209	`	1	1	1	1
1210		1	1	1	1
1211	D 	1	1	1	1
1212	R墨	1	1	1	1
1213	RZ	1	1	1	1
1214	T你	1	1	1	1
1215		1	1	1	1
1216	L	1	1	1	1
1217	j	1	1	1	1
1218	X_	1	1	1	1
1219	X梁	1	1	1	1
1220	X其琛	1	1	1	1
1221	d	1	1	1	1
1222		1	1	1	1
1223		1	1	1	1
1224	R	1	1	1	1
1225	淌	1	1	1	1
1226	S	1	1	1	1
1227	X	1	1	1	1
1228	D	1	1	1	1
1229	H美	1	1	1	1
1230	H民h	1	1	1	1
1231	H日	1	1	1	1
1232	J本立	1	1	1	1
1233	w	1	1	1	1
1234	p舟快	1	1	1	1
1235		1	1	1	1
1236	ct	1	1	1	1
1237	丘垂	1	1	1	1
1238	x	1	1	1	1
1239	去你的	1	1	1	1
1240		1	1	1	1
1241	全	1	1	1	1
1242	全人大	1	1	1	1
1243	犬	1	1	1	1
1244	J	1	1	1	1
1245	瘸腿	1	1	1	1
1246		1	1	1	1
1247	嵴菊W	1	1	1	1
1248	人民	1	1	1	1
1249	人民大堂	1	1	1	1
1250	人民惹檎嫦	1	1	1	1
1251	人民真	1	1	1	1
1252	人民之	1	1	1	1
1253	人	1	1	1	1
1254	日本帝	1	1	1	1
1255	日	1	1	1	1
1256	日韧呓鹑	1	1	1	1
1257	日你	1	1	1	1
1258	日你	1	1	1	1
1259		1	1	1	1
1260	瑞士金融大W	1	1	1	1
1261	__姆	1	1	1	1
1262	三Kh	1	1	1	1
1263	三代表	1	1	1	1
1264	三去龉ち	1	1	1	1
1265		1	1	1	1
1266	R	1	1	1	1
1267	}B	1	1	1	1
1268	}棒	1	1	1	1
1269	}包	1	1	1	1
1270	}逼	1	1	1	1
1271	}棍	1	1	1	1
1272	}	1	1	1	1
1273	}	1	1	1	1
1274	}卵 	1	1	1	1
1275	傻B	1	1	1	1
1276	煞P	1	1	1	1
1277	山口M	1	1	1	1
1278	上L	1	1	1	1
1279	上海	1	1	1	1
1280	上海孤涸	1	1	1	1
1281		1	1	1	1
1282	社主x	1	1	1	1
1283		1	1	1	1
1284		1	1	1	1
1285	神病	1	1	1	1
1286		1	1	1	1
1287		1	1	1	1
1288	}	1	1	1	1
1289	盛A仁	1	1	1	1
1290		1	1	1	1
1291	X	1	1	1	1
1292	r代	1	1	1	1
1293	r事	1	1	1	1
1294		1	1	1	1
1295	世界	1	1	1	1
1296	事立	1	1	1	1
1297	B	1	1	1	1
1298	d	1	1	1	1
1299	中	1	1	1	1
1300	p十	1	1	1	1
1301	氵去龉ち	1	1	1	1
1302	力	1	1	1	1
1303	司R晋	1	1	1	1
1304	司R璐	1	1	1	1
1305	司徒A	1	1	1	1
1306	思科_	1	1	1	1
1307	斯Z	1	1	1	1
1308	斯皮德	1	1	1	1
1309	四川	1	1	1	1
1310	四川立	1	1	1	1
1311	四人	1	1	1	1
1312	宋元	1	1	1	1
1313		1	1	1	1
1314	K南成	1	1	1	1
1315	KB智	1	1	1	1
1316	K钥	1	1	1	1
1317	K盈F	1	1	1	1
1318	K昌	1	1	1	1
1319	r	1	1	1	1
1320	O大千	1	1	1	1
1321	O中山	1	1	1	1
1322	他	1	1	1	1
1323	他的	1	1	1	1
1324	他岬	1	1	1	1
1325	他母H	1	1	1	1
1326	塔	1	1	1	1
1327	塔	1	1	1	1
1328		1	1	1	1
1329	Y	1	1	1	1
1330	_盟	1	1	1	1
1331	_车	1	1	1	1
1332	_唱立	1	1	1	1
1333	_唱	1	1	1	1
1334	_彻伯bh	1	1	1	1
1335	_彻	1	1	1	1
1336	_辰\咏M	1	1	1	1
1337	_趁	1	1	1	1
1338	_城嗄戟立盟	1	1	1	1
1339	_痴^	1	1	1	1
1340	_匙杂陕盟	1	1	1	1
1341	T	1	1	1	1
1342	光中	1	1	1	1
1343	唐柏	1	1	1	1
1344		1	1	1	1
1345	`	1	1	1	1
1346	天安T	1	1	1	1
1347	天安T影	1	1	1	1
1348	天安T事件	1	1	1	1
1349	天安T屠	1	1	1	1
1350	天安T一代	1	1	1	1
1351	天	1	1	1	1
1352	田o	1	1	1	1
1353	f	1	1	1	1
1354		1	1	1	1
1355		1	1	1	1
1356	y	1	1	1	1
1357	y	1	1	1	1
1358	y	1	1	1	1
1359	^IWR	1	1	1	1
1360	屠	1	1	1	1
1361		1	1	1	1
1362		1	1	1	1
1363	X	1	1	1	1
1364	e	1	1	1	1
1365	外交	1	1	1	1
1366	外交c方略	1	1	1	1
1367	U	1	1	1	1
1368	f里	1	1	1	1
1369	f南	1	1	1	1
1370	fSx者	1	1	1	1
1371	f|	1	1	1	1
1372	王森	1	1	1	1
1373	王超A	1	1	1	1
1374	王o臣	1	1	1	1
1375	王	1	1	1	1
1376	王涵f	1	1	1	1
1377	王	1	1	1	1
1378	王	1	1	1	1
1379	王啡	1	1	1	1
1380	王生	1	1	1	1
1381	王世	1	1	1	1
1382	王世	1	1	1	1
1383	王秀	1	1	1	1
1384	王兆	1	1	1	1
1385	WU	1	1	1	1
1386	W特	1	1	1	1
1387	猥C	1	1	1	1
1388	n	1	1	1	1
1389	B	1	1	1	1
1390	乇	1	1	1	1
1391	乇	1	1	1	1
1392	丶	1	1	1	1
1393	卦P	1	1	1	1
1394		1	1	1	1
1395	o界g[器	1	1	1	1
1396	前僖	1	1	1	1
1397	嵌亓x	1	1	1	1
1398	欠匠	1	1	1	1
1399	呛脒_	1	1	1	1
1400	呛赀_	1	1	1	1
1401	侨嗜A	1	1	1	1
1402	鞘缯	1	1	1	1
1403	WN	1	1	1	1
1404	W璨	1	1	1	1
1405	怯升	1	1	1	1
1406	侵痉	1	1	1	1
1407		1	1	1	1
1408	洗X	1	1	1	1
1409	系y	1	1	1	1
1410	系y公告	1	1	1	1
1411	q	1	1	1	1
1412	S	1	1	1	1
1413	W	1	1	1	1
1414	]	1	1	1	1
1415	r族	1	1	1	1
1416		1	1	1	1
1417		1	1	1	1
1418	s	1	1	1	1
1419	F金交易	1	1	1	1
1420		1	1	1	1
1421	颜\	1	1	1	1
1422	小吉	1	1	1	1
1423	^	1	1	1	1
1424	小B	1	1	1	1
1425	小⒖	1	1	1	1
1426	小泉一郎	1	1	1	1
1427	xL廷	1	1	1	1
1428	x深山	1	1	1	1
1429	xxE	1	1	1	1
1430	x中之	1	1	1	1
1431	辛年	1	1	1	1
1432	新^察	1	1	1	1
1433	新Ae	1	1	1	1
1434	新A惹	1	1	1	1
1435	新A通	1	1	1	1
1436	新生W	1	1	1	1
1437	新出版署	1	1	1	1
1438	新封i	1	1	1	1
1439	新x安	1	1	1	1
1440	新Zz	1	1	1	1
1441	信用危C	1	1	1	1
1442	邢P	1	1	1	1
1443		1	1	1	1
1444	徐舅	1	1	1	1
1445	S利	1	1	1	1
1446	S家屯	1	1	1	1
1447	S信良	1	1	1	1
1448	X	1	1	1	1
1449	薛	1	1	1	1
1450	W潮	1	1	1	1
1451	W	1	1	1	1
1452	W\	1	1	1	1
1453	W自	1	1	1	1
1454		1	1	1	1
1455		1	1	1	1
1456	兰移	1	1	1	1
1457	兰异	1	1	1	1
1458	明}	1	1	1	1
1459	清	1	1	1	1
1460	c章	1	1	1	1
1461		1	1	1	1
1462	央炔客	1	1	1	1
1463	寻	1	1	1	1
1464	罱利	1	1	1	1
1465	钗	1	1	1	1
1466	钤虑	1	1	1	1
1467	钪	1	1	1	1
1468	姚_	1	1	1	1
1469	姚月t	1	1	1	1
1470	U	1	1	1	1
1471	u^丸	1	1	1	1
1472	耶d	1	1	1	1
1473	~菊m	1	1	1	1
1474	夜紫禁城	1	1	1	1
1475	伊斯m	1	1	1	1
1476	异人士	1	1	1	1
1477	异h人士	1	1	1	1
1478	易丹	1	1	1	1
1479	尹c民	1	1	1	1
1480	由喜F	1	1	1	1
1481	游a坤	1	1	1	1
1482	游蚬芾T	1	1	1	1
1483	幼	1	1	1	1
1484	于幼	1	1	1	1
1485	余英r	1	1	1	1
1486		1	1	1	1
1487	反制	1	1	1	1
1488		1	1	1	1
1489	宇明W	1	1	1	1
1490	r	1	1	1	1
1491		1	1	1	1
1492	O	1	1	1	1
1493	AM	1	1	1	1
1494	圈圈	1	1	1	1
1495	h志明	1	1	1	1
1496	y	1	1	1	1
1497	Y	1	1	1	1
1498	t民	1	1	1	1
1499	衩	1	1	1	1
1500	煞	1	1	1	1
1501	擅	1	1	1	1
1502		1	1	1	1
1503	\民	1	1	1	1
1504	P	1	1	1	1
1505	扎卡S是英雄	1	1	1	1
1506		1	1	1	1
1507	伯笠	1	1	1	1
1508	博雅	1	1	1	1
1509		1	1	1	1
1510	健	1	1	1	1
1511	林	1	1	1	1
1512	清芳	1	1	1	1
1513		1	1	1	1
1514	佞	1	1	1	1
1515	昭富	1	1	1	1
1516	志清	1	1	1	1
1517	章孝	1	1	1	1
1518	ぬ	1	1	1	1
1519	w海青	1	1	1	1
1520	w建	1	1	1	1
1521	w南	1	1	1	1
1522	w品潞	1	1	1	1
1523	w晕	1	1	1	1
1524	w紫	1	1	1	1
1525		1	1	1	1
1526	Q	1	1	1	1
1527	正W	1	1	1	1
1528	正xh	1	1	1	1
1529	清	1	1	1	1
1530	文	1	1	1	1
1531	x	1	1	1	1
1532	N	1	1	1	1
1533	源	1	1	1	1
1534	\i	1	1	1	1
1535	政	1	1	1	1
1536	政治反ε	1	1	1	1
1537	{	1	1	1	1
1538	U	1	1	1	1
1539	指c江山	1	1	1	1
1540	s	1	1	1	1
1541	z	1	1	1	1
1542	W	1	1	1	1
1543	中俄界	1	1	1	1
1544	中团d	1	1	1	1
1545	中共bh	1	1	1	1
1546	中孤涸	1	1	1	1
1547	中和平	1	1	1	1
1548	中	1	1	1	1
1549	中社M步h	1	1	1	1
1550	中社	1	1	1	1
1551	中威{	1	1	1	1
1552	中}	1	1	1	1
1553	中移油ㄐ	1	1	1	1
1554	中真热	1	1	1	1
1555	中之春	1	1	1	1
1556	中猪	1	1	1	1
1557	中A大地	1	1	1	1
1558	中A大\	1	1	1	1
1559	中Av清	1	1	1	1
1560	中A民	1	1	1	1
1561	中A人民f	1	1	1	1
1562	中A人民正邪	1	1	1	1
1563	中Ar事	1	1	1	1
1564	中AB生益智功	1	1	1	1
1565	中A真蟮	1	1	1	1
1566	中央_	1	1	1	1
1567	山L雨 	1	1	1	1
1568	周hi	1	1	1	1
1569	周守 	1	1	1	1
1570	朱P芝	1	1	1	1
1571	朱立	1	1	1	1
1572	朱溶	1	1	1	1
1573	猪@畸	1	1	1	1
1574	主x	1	1	1	1
1575	Ｖ	1	1	1	1
1576		1	1	1	1
1577		1	1	1	1
1578	Y本主x	1	1	1	1
1579		1	1	1	1
1580	子m	1	1	1	1
1581	自民h	1	1	1	1
1582	自由民主	1	1	1	1
1583	理	1	1	1	1
1584		1	1	1	1
1585	O 	1	1	1	1
1586	g	1	1	1	1
1587	y	1	1	1	1
1588	Gm	1	1	1	1
1589	某人	1	1	1	1
1590	系统	1	1	1	1
1591	管理	1	1	1	1
1592	游戏管理员	1	1	1	1
1593	论坛管理员	1	1	1	1
1594	工作人员	1	1	1	1
1595	活动大使	1	1	1	1
1596	公告	1	1	1	1
1597	吉比特	1	1	1	1
1598	gbits	1	1	1	1
1599	龙首	1	1	1	1
1600	首	1	1	1	1
#1601	鹿鼎记	1	1	1	1
#1602	天龙八部	1	1	1	1
#1603	郑德金	1	1	1	1
#1604	郑有金	1	1	1	1
1605	尉建军	1	1	1	1
1606	张燕归	1	1	1	1
#1607	德金	1	1	1	1
#1608	有金	1	1	1	1
1609	尉建	1	1	1	1
1610	燕w	1	1	1	1
1611	操你奶	1	1	1	1
1612	操你妈	1	1	1	1
1613	操你姐	1	1	1	1
1614	操你妹	1	1	1	1
1615	操你全家	1	1	1	1
1616	操你老母	1	1	1	1
1617	操她妈	1	1	1	1
1618	操妈	1	1	1	1
1619	操你	1	1	1	1
1620	操他妈	1	1	1	1
1621	操他	1	1	1	1
1622	操她	1	1	1	1
1623	操那吗B	1	1	1	1
1624	操那吗逼	1	1	1	1
1625	操那吗比	1	1	1	1
1626	操你爷爷	1	1	1	1
1627	我草	1	1	1	1
1628	我靠	1	1	1	1
1629	草你	1	1	1	1
1630	日死	1	1	1	1
1631	日你	1	1	1	1
1632	日你奶	1	1	1	1
1633	日你妈	1	1	1	1
1634	日你姐	1	1	1	1
1635	日你妹	1	1	1	1
1636	日你老母	1	1	1	1
1637	日你全家	1	1	1	1
1638	日妈的	1	1	1	1
1639	日你爷爷	1	1	1	1
1640	你妈逼	1	1	1	1
1641	他妈的	1	1	1	1
1642	弓虽女干	1	1	1	1
1643	女干	1	1	1	1
1644	屎	1	1	1	1
1645	尿	1	1	1	1
1646	粪	1	1	1	1
1647		1	1	1	1
1648		1	1	1	1
1649	淫	1	1	1	1
1650	奸	1	1	1	1
1651	阴道	1	1	1	1
1652	性交	1	1	1	1
1653	鸡巴	1	1	1	1
1654	大便	1	1	1	1
1655	粪便	1	1	1	1
1656	AIDS	1	1	1	1
1657	DICK	1	1	1	1
1658	penis	1	1	1	1
1659	sex	1	1	1	1
1660	SM	1	1	1	1
1661	屙	1	1	1	1
1662	淋病	1	1	1	1
1663	梅毒	1	1	1	1
1664	爱液	1	1	1	1
1665	臭机八	1	1	1	1
1666	吹喇叭	1	1	1	1
1667	吹箫	1	1	1	1
1668	催情药	1	1	1	1
1669	肛交	1	1	1	1
1670	肛门	1	1	1	1
1671	龟头	1	1	1	1
1672	黄色	1	1	1	1
1673	机八	1	1	1	1
1674	机巴	1	1	1	1
1675	鸡八	1	1	1	1
1676	机掰	1	1	1	1
1677	鸡叭	1	1	1	1
1678	鸡掰	1	1	1	1
1679	鸡奸	1	1	1	1
1680	妓女	1	1	1	1
1681	茎	1	1	1	1
1682	精液	1	1	1	1
1683	精子	1	1	1	1
1684	尻	1	1	1	1
1685	口交	1	1	1	1
1686	滥交	1	1	1	1
1687	乱交	1	1	1	1
1688	轮奸	1	1	1	1
1689	屁眼	1	1	1	1
1690	强奸犯	1	1	1	1
1691	情色	1	1	1	1
1692	肉棒	1	1	1	1
1693	乳房	1	1	1	1
1694	乳峰	1	1	1	1
1695	乳交	1	1	1	1
1696	乳头	1	1	1	1
1697	乳晕	1	1	1	1
1698	三陪	1	1	1	1
1699	色情	1	1	1	1
1700	射精	1	1	1	1
1701	手淫	1	1	1	1
1702	威而钢	1	1	1	1
1703	威而柔	1	1	1	1
1704	伟哥	1	1	1	1
1705	性高潮	1	1	1	1
1706	性虐	1	1	1	1
1707	性欲	1	1	1	1
1708	穴洞	1	1	1	1
1709	一夜情	1	1	1	1
1710	阴部	1	1	1	1
1711	阴唇	1	1	1	1
1712	阴蒂	1	1	1	1
1713	阴核	1	1	1	1
1714	阴户	1	1	1	1
1715	阴茎	1	1	1	1
1716	阴门	1	1	1	1
1717	淫秽	1	1	1	1
1718	淫乱	1	1	1	1
1719	淫水	1	1	1	1
1720	淫娃	1	1	1	1
1721	淫液	1	1	1	1
1722	淫汁	1	1	1	1
1723	淫穴	1	1	1	1
1724	淫洞	1	1	1	1
1725	援交妹	1	1	1	1
1726	梦遗	1	1	1	1
1727	早泄	1	1	1	1
1728	奸淫	1	1	1	1
1729	Bitch	1	1	1	1
1730	cao	1	1	1	1
1731	fuck	1	1	1	1
1732	NMD	1	1	1	1
1733	NND	1	1	1	1
1734	shit	1	1	1	1
1735	SUCK	1	1	1	1
1736	tmd	1	1	1	1
1737	tnnd	1	1	1	1
1738	K他命	1	1	1	1
1739	婊子	1	1	1	1
1740	H	1	1	1	1
1741	册那	1	1	1	1
1742	侧那	1	1	1	1
1743	测拿	1	1	1	1
1744	蠢猪	1	1	1	1
1745	荡妇	1	1	1	1
1746	发骚	1	1	1	1
1747	废物	1	1	1	1
1748	狗娘养的	1	1	1	1
1749	狗狼养的	1	1	1	1
1750	狗养	1	1	1	1
1751	狗杂种	1	1	1	1
1752	龟儿子	1	1	1	1
1753	龟公	1	1	1	1
1754	龟孙子	1	1	1	1
1755	龟投	1	1	1	1
1756	刿	1	1	1	1
1757	绲	1	1	1	1
1758	滚那吗	1	1	1	1
1759	滚那吗B	1	1	1	1
1760	滚那吗错比	1	1	1	1
1761	滚那吗老比	1	1	1	1
1762	滚那吗瘟比	1	1	1	1
1763	贱货	1	1	1	1
1764	贱人	1	1	1	1
1765	烂人	1	1	1	1
1766	老母	1	1	1	1
1767	妈比	1	1	1	1
1768	妈的	1	1	1	1
1769	老母的	1	1	1	1
1770	娘的	1	1	1	1
1771	破鞋	1	1	1	1
1772	去她妈	1	1	1	1
1773	去的	1	1	1	1
1774	去妈	1	1	1	1
1775	去你的	1	1	1	1
1776	去你妈	1	1	1	1
1777	去他妈	1	1	1	1
1778	赛她娘	1	1	1	1
1779	赛娘	1	1	1	1
1780	赛你娘	1	1	1	1
1781	赛他娘	1	1	1	1
1782	骚货	1	1	1	1
1783	傻B	1	1	1	1
1784	傻比	1	1	1	1
1785	上	1	1	1	1
1786	神经病	1	1	1	1
1787	屎娘	1	1	1	1
1788	屎你娘	1	1	1	1
1789	王八蛋	1	1	1	1
1790	我操	1	1	1	1
1791	我日	1	1	1	1
1792	乡巴佬	1	1	1	1
1793	猪猡	1	1	1	1
1794		1	1	1	1
1795	湿了	1	1	1	1
1796	骑她	1	1	1	1
1797	欠骑	1	1	1	1
1798	欠人骑	1	1	1	1
1799	来爽我	1	1	1	1
1800	来插我	1	1	1	1
1801	干她妈	1	1	1	1
1802	干	1	1	1	1
1803	干娘	1	1	1	1
1804	干你	1	1	1	1
1805	干你妈	1	1	1	1
1806	干你妈B	1	1	1	1
1807	干你妈逼	1	1	1	1
1808	干你娘	1	1	1	1
1809	干他妈	1	1	1	1
1810	干他	1	1	1	1
1811	干她	1	1	1	1
1812	干死	1	1	1	1
1813	干爆	1	1	1	1
1814	干机	1	1	1	1
1815	干鸡	1	1	1	1
1816	干入	1	1	1	1
1817	干X	1	1	1	1
1818	干它	1	1	1	1
1819	干	1	1	1	1
1820	干您	1	1	1	1
1821	干汝	1	1	1	1
1822	干林	1	1	1	1
1823	操林	1	1	1	1
1824	干尼	1	1	1	1
1825	干勒	1	1	1	1
1826	干我	1	1	1	1
1827	干到	1	1	1	1
1828	干啦	1	1	1	1
1829	干爽	1	1	1	1
1830	干bi	1	1	1	1
1831	干逼	1	1	1	1
1832	干比	1	1	1	1
1833	干的你	1	1	1	1
1834	干干干	1	1	1	1
1835	干你老比	1	1	1	1
1836	干你老母	1	1	1	1
1837	干全家	1	1	1	1
1838	干死你	1	1	1	1
1839	干一家	1	1	1	1
1840	欠干	1	1	1	1
1841	狗干	1	1	1	1
1842	我干	1	1	1	1
1843	来干	1	1	1	1
1844	轮干	1	1	1	1
1845	轮流干	1	1	1	1
1846	干一干	1	1	1	1
1847	机叭	1	1	1	1
1848	臭鸡	1	1	1	1
1849	臭机	1	1	1	1
1850	烂鸟	1	1	1	1
1851	览叫	1	1	1	1
1852	肉壶	1	1	1	1
1853	奶子	1	1	1	1
1854	摸咪咪	1	1	1	1
1855	BLOW	1	1	1	1
1856	ASS	1	1	1	1
1857	小穴	1	1	1	1
1858	插你	1	1	1	1
1859	爽你	1	1	1	1
1860	他干	1	1	1	1
1861	操尼	1	1	1	1
1862	我咧干	1	1	1	1
1863	赶你娘	1	1	1	1
1864	冈峦	1	1	1	1
1865	刚比	1	1	1	1
1866	刚比样子	1	1	1	1
1867	援交	1	1	1	1
1868	奸暴	1	1	1	1
1869	再奸	1	1	1	1
1870	我奸	1	1	1	1
1871	奸你	1	1	1	1
1872	奸他	1	1	1	1
1873	奸她	1	1	1	1
1874	奸一奸	1	1	1	1
1875	淫湿	1	1	1	1
1876	鸡歪	1	1	1	1
1877	臭西	1	1	1	1
1878	遗精	1	1	1	1
1879	烂逼	1	1	1	1
1880	大血比	1	1	1	1
1881	叼你妈	1	1	1	1
1882	靠你妈	1	1	1	1
1883	戳你	1	1	1	1
1884	逼你老母	1	1	1	1
1885	草拟妈	1	1	1	1
1886	卖逼	1	1	1	1
1887	狗操卖逼	1	1	1	1
1888	奶娘	1	1	1	1
1889	他娘	1	1	1	1
1890	她娘	1	1	1	1
1891	骚B	1	1	1	1
1892	你妈了妹	1	1	1	1
1893	逼毛	1	1	1	1
1894	插你妈	1	1	1	1
1895	叼你	1	1	1	1
1896	渣波波	1	1	1	1
1897	嫩b	1	1	1	1
1898	weelaa	1	1	1	1
1899	缔顺	1	1	1	1
1900	帝顺	1	1	1	1
1901	蒂顺	1	1	1	1
1902	3P	1	1	1	1
1903	群P	1	1	1	1
1904	逼样	1	1	1	1
1905	比样	1	1	1	1
1906	婊子养的	1	1	1	1
1907	草你妈	1	1	1	1
1908	册那娘饿比	1	1	1	1
1909	插那吗B	1	1	1	1
1910	插那吗逼	1	1	1	1
1911	插那吗比	1	1	1	1
1912	插你爷爷	1	1	1	1
1913	戳那吗B	1	1	1	1
1914	戳那吗逼	1	1	1	1
1915	戳那吗比	1	1	1	1
1916	辏	1	1	1	1
1917	鹾	1	1	1	1
1918	错B	1	1	1	1
1919	错逼	1	1	1	1
1920	错比	1	1	1	1
1921	错那吗B	1	1	1	1
1922	错那吗逼	1	1	1	1
1923	错那吗比	1	1	1	1
1924	贱B	1	1	1	1
1925	贱bi	1	1	1	1
1926	贱逼	1	1	1	1
1927	贱比	1	1	1	1
1928	贱种	1	1	1	1
1929	烂B	1	1	1	1
1930	烂比	1	1	1	1
1931	烂袋	1	1	1	1
1932	烂货	1	1	1	1
1933	滥B	1	1	1	1
1934	滥逼	1	1	1	1
1935	滥比	1	1	1	1
1936	滥货	1	1	1	1
1937	妈B	1	1	1	1
1938	妈批	1	1	1	1
1939	那吗B	1	1	1	1
1940	那吗逼	1	1	1	1
1941	那吗错比	1	1	1	1
1942	那吗老比	1	1	1	1
1943	那吗瘟比	1	1	1	1
1944	那娘错比	1	1	1	1
1945	你妈比	1	1	1	1
1946	你妈的	1	1	1	1
1947	娘饿比	1	1	1	1
1948	侬着冈峦	1	1	1	1
1949	侬着卵抛	1	1	1	1
1950	骚棒	1	1	1	1
1951	骚包	1	1	1	1
1952	骚逼	1	1	1	1
1953	骚棍	1	1	1	1
1954	骚	1	1	1	1
1955	骚卵	1	1	1	1
1956	煞笔	1	1	1	1
1957	他吗的	1	1	1	1
1958	他母亲	1	1	1	1
1959	温B	1	1	1	1
1960	温逼	1	1	1	1
1961	温比	1	1	1	1
1962	小B样	1	1	1	1
1963	小比样	1	1	1	1
1964	18摸 	1	1	1	1
1965	21世纪中国基金会	1	1	1	1
1966	6-4tianwang	1	1	1	1
1967	89-64cdjp	1	1	1	1
1968	ADMIN	1	1	1	1
1969	Aiort墓地	1	1	1	1
1970	ai滋	1	1	1	1
1971	Arqus会议场	1	1	1	1
1972	asshole	1	1	1	1
1973	Atan的移动石	1	1	1	1
1974	A片	1	1	1	1
1975	Baichi	1	1	1	1
1976	Baopi	1	1	1	1
1977	Bao皮	1	1	1	1
1978	bastard	1	1	1	1
1979	biaozi	1	1	1	1
1980	Biao子	1	1	1	1
1981	bignews	1	1	1	1
1982	Bi样	1	1	1	1
1983	BLOWJOB	1	1	1	1
1984	boxun	1	1	1	1
1985	B样	1	1	1	1
1986	cha你	1	1	1	1
1987	chinaliberal	1	1	1	1
1988	chinamz	1	1	1	1
1989	chinesenewsnet	1	1	1	1
1990	Clockgemstone	1	1	1	1
1991	creaders	1	1	1	1
1992	Crestbone	1	1	1	1
1993	dafa	1	1	1	1
1994	dajiyuan	1	1	1	1
1995	damn	1	1	1	1
1996	dfdz	1	1	1	1
1997	dpp	1	1	1	1
1998	EVENT	1	1	1	1
1999	falu	1	1	1	1
2000	falun	1	1	1	1
2001	falundafa	1	1	1	1
2002	Feelmistone	1	1	1	1
2003	Fku	1	1	1	1
2004	freechina	1	1	1	1
2005	freedom	1	1	1	1
2006	freenet	1	1	1	1
2007	GAMEMASTER	1	1	1	1
2008	gan你	1	1	1	1
2009	GCD	1	1	1	1
2010	Gruepin	1	1	1	1
2011	HACKING	1	1	1	1
2012	hongzhi	1	1	1	1
2013	hrichina	1	1	1	1
2014	huanet	1	1	1	1
2015	hypermartnet	1	1	1	1
2016	incest	1	1	1	1
2017	item	1	1	1	1
2018	J8	1	1	1	1
2019	jiangdongriji	1	1	1	1
2020	jian你	1	1	1	1
2021	jiaochuang	1	1	1	1
2022	jiaochun	1	1	1	1
2023	jiba	1	1	1	1
2024	jinv	1	1	1	1
2025	Ji女	1	1	1	1
2026	KISSMYASS	1	1	1	1
2027	lihongzhi	1	1	1	1
2028	Mai骚	1	1	1	1
2029	making	1	1	1	1
2030	minghui	1	1	1	1
2031	minghuinews	1	1	1	1
2032	nacb	1	1	1	1
2033	naive	1	1	1	1
2034	Neckromancer	1	1	1	1
2035	nmis	1	1	1	1
2036	paper64	1	1	1	1
2037	peacehall	1	1	1	1
2038	playboy	1	1	1	1
2039	pussy	1	1	1	1
2040	qiangjian	1	1	1	1
2041	Rape	1	1	1	1
2042	renminbao	1	1	1	1
2043	renmingbao	1	1	1	1
2044	rfa	1	1	1	1
2045	safeweb	1	1	1	1
2046	saobi	1	1	1	1
2047	simple	1	1	1	1
2048	sucker	1	1	1	1
2049	svdc	1	1	1	1
2050	System	1	1	1	1
2051	taip	1	1	1	1
2052	tibetalk	1	1	1	1
2053	triangle	1	1	1	1
2054	triangleboy	1	1	1	1
2055	Tringel	1	1	1	1
2056	UltraSurf	1	1	1	1
2057	unixbox	1	1	1	1
2058	ustibet	1	1	1	1
2059	voa	1	1	1	1
2060	voachinese	1	1	1	1
2061	wangce	1	1	1	1
2062	WEBZEN	1	1	1	1
2063	WG	1	1	1	1
2064	wstaiji	1	1	1	1
2065	xinsheng	1	1	1	1
2066	yuming	1	1	1	1
2067	zhengjian	1	1	1	1
2068	zhengjianwang	1	1	1	1
2069	zhenshanren	1	1	1	1
2070	zhuanfalun	1	1	1	1
2071	JB	1	1	1	1
2072	www	1	1	1	1
2073	FuCk	1	1	1	1
2074	net	1	1	1	1
2075	org	1	1	1	1
2076	int	1	1	1	1
2077	edu	1	1	1	1
2078	gov	1	1	1	1
2079	mil	1	1	1	1
2080	arpa	1	1	1	1
2081	biz	1	1	1	1
2082	info	1	1	1	1
2083	name	1	1	1	1
2084	pro	1	1	1	1
2085	coop	1	1	1	1
2086	aero	1	1	1	1
2087	museum	1	1	1	1
2088	tv	1	1	1	1
2089	fuCK	1	1	1	1
2090	UR	1	1	1	1
2091	他妈	1	1	1	1
2092	她妈	1	1	1	1
2093	牛逼	1	1	1	1
2094	牛B牛比	1	1	1	1
2095	傻逼	1	1	1	1
2096	八仙	1	1	1	1
2097	eight仙	1	1	1	1
2098	混沌诀	1	1	1	1
2099	混沌	1	1	1	1
2100	你妈	1	1	1	1
2101	装逼	1	1	1	1
2102	装B	1	1	1	1
2103	不玩了	1	1	1	1
2104	删号	1	1	1	1
2105	卖号	1	1	1	1
2106	垃圾游戏	1	1	1	1
2107	烂游戏	1	1	1	1
2108	妈逼	1	1	1	1
2109	淘宝	1	1	1	1
2110	出售账号	1	1	1	1
2111	出售此号	1	1	1	1
2112	U-R	1	1	1	1
2113	吗的	1	1	1	1
2114	8仙	1	1	1	1
2115	狗日	1	1	1	1
2116	出售神符	1	1	1	1
2117	h站	1	1	1	1
2118	龙虎	1	1	1	1
2119	虎门	1	1	1	1
2120	龙虎门	1	1	1	1
2121	WEB牌	1	1	1	1
2122	WEB战牌	1	1	1	1
2123	战牌	1	1	1	1
2124	街头对抗	1	1	1	1
2125	台独	1	1	1	1
2126	混沌决	1	1	1	1
2127	NPC	1	1	1	1
2128	@sshole	1	1	1	1
2129	a$$hole	1	1	1	1
2130	a$shole	1	1	1	1
2131	as$hole	1	1	1	1
2132	bbscity	1	1	1	1
2133	beijingspring	1	1	1	1
2134	bjzc	1	1	1	1
2135	butthead	1	1	1	1
2136	butthole	1	1	1	1
2137	cctv	1	1	1	1
2138	cdjp	1	1	1	1
2139	chengmingmag	1	1	1	1
2140	chinesenewsweek	1	1	1	1
2141	cunt	1	1	1	1
2142	damm	1	1	1	1
2143	epochtimes	1	1	1	1
2144	FLG	1	1	1	1
2145	fawanghuihui	1	1	1	1
2146	fofg	1	1	1	1
2147	fosaon	1	1	1	1
2148	fu	1	1	1	1
2149	fuc	1	1	1	1
2150	YOU	1	1	1	1
2151	fuk	1	1	1	1
2152	fv	1	1	1	1
2153	fvc	1	1	1	1
2154	ＧＡＭＥｍａｓｔｅｒ	1	1	1	1
2155	GameMaste	1	1	1	1
2156	gc365	1	1	1	1
2157	globalrescue	1	1	1	1
2158	mingpaonews	1	1	1	1
2159	minhui	1	1	1	1
2160	on9	1	1	1	1
2161	orgasmus	1	1	1	1
2162	phuc	1	1	1	1
2163	piss	1	1	1	1
2164	ri	1	1	1	1
2165	screw	1	1	1	1
2166	secretchina	1	1	1	1
2167	sega	1	1	1	1
2168	sf	1	1	1	1
2169	sh!t	1	1	1	1
2170	shengda	1	1	1	1
2171	shyt	1	1	1	1
2172	snatch	1	1	1	1
2173	soundofhope	1	1	1	1
2174	xinguangming	1	1	1	1
2175	yuanming	1	1	1	1
2176	zhengqing	1	1	1	1
2177	zhengwunet	1	1	1	1
2178	zhongguohun	1	1	1	1
2179	阿扁	1	1	1	1
2180	阿拉	1	1	1	1
2181	阿拉法特	1	1	1	1
2182	挨球	1	1	1	1
2183	安南	1	1	1	1
2184	安全局	1	1	1	1
2185	澳洲光明网	1	1	1	1
2186	八九	1	1	1	1
2187	八九风波	1	1	1	1
2188	办理文凭	1	1	1	1
2189	办理证件	1	1	1	1
2190	包皮	1	1	1	1
2191	保监会	1	1	1	1
2192	保密局	1	1	1	1
2193	鸨7	1	1	1	1
2194	鲍岳桥	1	1	1	1
2195	暴动	1	1	1	1
2196	暴乱	1	1	1	1
2197	暴徒	1	1	1	1
2198	北京之春	1	1	1	1
2199	贝肉	1	1	1	1
2200	本拉登	1	1	1	1
2201	苯比	1	1	1	1
2202	笨	1	1	1	1
2203	笨逼	1	1	1	1
2204	旅	1	1	1	1
2205	比毛	1	1	1	1
2206	婊7	1	1	1	1
2207	宾周	1	1	1	1
2208	波霸	1	1	1	1
2209	博讯	1	1	1	1
2210	薄一波	1	1	1	1
2211	布莱尔	1	1	1	1
2212	布雷尔	1	1	1	1
2213	布什	1	1	1	1
2214	财政部	1	1	1	1
2215	参事室	1	1	1	1
2216	操7	1	1	1	1
2217	操XX	1	1	1	1
2218	操逼	1	1	1	1
2219	操比	1	1	1	1
2220	操蛋	1	1	1	1
2221	操你八辈祖宗	1	1	1	1
2222	操你妈	1	1	1	1
2223	草的你妈	1	1	1	1
2224	草妈	1	1	1	1
2225	测绘局	1	1	1	1
2226	插	1	1	1	1
2227	插深些	1	1	1	1
2228	产权局	1	1	1	1
2229	车臣	1	1	1	1
2230	车仑	1	1	1	1
2231	陈功	1	1	1	1
2232	陈晓宁	1	1	1	1
2233	成人电影	1	1	1	1
2234	成人片	1	1	1	1
2235	吃大便	1	1	1	1
2236	吃屎	1	1	1	1
2237	迟浩田	1	1	1	1
2238	赤匪	1	1	1	1
2239	抽插	1	1	1	1
2240	抽你丫的	1	1	1	1
2241	臭化西	1	1	1	1
2242	出售假币	1	1	1	1
2243	出售枪支	1	1	1	1
2244	出售手枪	1	1	1	1
2245	春药	1	1	1	1
2246	粗制吗啡	1	1	1	1
2247	打炮	1	1	1	1
2248	大FA弟子	1	1	1	1
2249	大B	1	1	1	1
2250	大逼	1	1	1	1
2251	大波波	1	1	1	1
2252	大花B	1	1	1	1
2253	大会堂	1	1	1	1
2254	大麻树脂	1	1	1	1
2255	大麻油	1	1	1	1
2256	大师	1	1	1	1
2257	戴维教	1	1	1	1
2258	大学骚乱	1	1	1	1
2259	大血B	1	1	1	1
2260	呆卵	1	1	1	1
2261	代表大会	1	1	1	1
2262	戴海静	1	1	1	1
2263	戴红	1	1	1	1
2264	戴晶	1	1	1	1
2265	党主席	1	1	1	1
2266	档案局	1	1	1	1
2267	盗窃犯	1	1	1	1
2268	道教	1	1	1	1
2269	地震局	1	1	1	1
2270	弟大物勃	1	1	1	1
2271	电监会	1	1	1	1
2272	7	1	1	1	1
2273	硼	1	1	1	1
2274	琶	1	1	1	1
2275		1	1	1	1
2276	牌	1	1	1	1
2277	盼	1	1	1	1
2278	钓鱼台	1	1	1	1
2279	调理劳务系	1	1	1	1
2280	丁关根	1	1	1	1
2281	丁子霖	1	1	1	1
2282	东升	1	1	1	1
2283	东突暴动和独立	1	1	1	1
2284	东突组织	1	1	1	1
2285	东亚病夫	1	1	1	1
2286	董建华	1	1	1	1
2287	董贱华	1	1	1	1
2288	董文华	1	1	1	1
2289	懂文华	1	1	1	1
2290	独立	1	1	1	1
2291	短信群发器	1	1	1	1
2292	对日强硬	1	1	1	1
2293	多维社	1	1	1	1
2294	多维网	1	1	1	1
2295	多维新闻	1	1	1	1
2296	多维周刊	1	1	1	1
2297	恶搞晚会	1	1	1	1
2298	二B	1	1	1	1
2299	二	1	1	1	1
2300	二逼	1	1	1	1
2301	二乙基酰胺	1	1	1	1
2302	发改委	1	1	1	1
2303	发奖使者	1	1	1	1
2304	发抡功	1	1	1	1
2305	发伦功	1	1	1	1
2306	发论	1	1	1	1
2307	发论公	1	1	1	1
2308	发论功	1	1	1	1
2309	发展研究中心	1	1	1	1
2310	发正念	1	1	1	1
2311	法功	1	1	1	1
2312	法愣	1	1	1	1
2313	法西斯	1	1	1	1
2314	法制办	1	1	1	1
2315	反动	1	1	1	1
2316	反华	1	1	1	1
2317	反恐委员会	1	1	1	1
2318	反日	1	1	1	1
2319	反政府	1	1	1	1
2320	分裂祖国	1	1	1	1
2321	佛教	1	1	1	1
2322	佛展千手法	1	1	1	1
2323	佛祖	1	1	1	1
2324	斧头镰刀	1	1	1	1
2325	阝月	1	1	1	1
2326	傅鹏	1	1	1	1
2327	傅作义	1	1	1	1
2328	干拎娘	1	1	1	1
2329	干老母	1	1	1	1
2330	干妈	1	1	1	1
2331	干七八	1	1	1	1
2332	港澳办	1	1	1	1
2333	高俊	1	1	1	1
2334	高校暴乱	1	1	1	1
2335	高校群体事件	1	1	1	1
2336	高校骚乱	1	1	1	1
2337	睾	1	1	1	1
2338	睾丸	1	1	1	1
2339	工力	1	1	1	1
2340	工商局	1	1	1	1
2341	公安	1	1	1	1
2342	公安部	1	1	1	1
2343	公安局	1	1	1	1
2344	共狗	1	1	1	1
2345	共青团员	1	1	1	1
2346	狗b	1	1	1	1
2347	狗操	1	1	1	1
2348	狗卵	1	1	1	1
2349	狗娘	1	1	1	1
2350	狗屁	1	1	1	1
2351	狗日的	1	1	1	1
2352	狗屎	1	1	1	1
2353	古方迷香	1	1	1	1
2354	观世音	1	1	1	1
2355	官逼民反	1	1	1	1
2356	官商勾结	1	1	1	1
2357	管理人员	1	1	1	1
2358	光明日报	1	1	1	1
2359	广电局	1	1	1	1
2360	鬼村	1	1	1	1
2361	滚	1	1	1	1
2362	国安局	1	1	1	1
2363	国防部	1	1	1	1
2364	国防科工委	1	1	1	1
2365	国管局	1	1	1	1
2366	国际法院	1	1	1	1
2367	国家民委	1	1	1	1
2368	国家主席	1	1	1	1
2369	国家主要部委	1	1	1	1
2370	国民党	1	1	1	1
2371	国民党万岁	1	1	1	1
2372	国土资源部	1	1	1	1
2373	国研室	1	1	1	1
2374	国资委	1	1	1	1
2375	哈批	1	1	1	1
2376	海关总署	1	1	1	1
2377	海洋局	1	1	1	1
2378	何候华	1	1	1	1
2379	红卫兵	1	1	1	1
2380	洪兴	1	1	1	1
2381	洪志	1	1	1	1
2382	后庭	1	1	1	1
2383	胡XX	1	1	1	1
2384	胡紧涛	1	1	1	1
2385	胡紧套	1	1	1	1
2386	胡乔木	1	1	1	1
2387	胡主席	1	1	1	1
2388	花柳	1	1	1	1
2389	华国锋	1	1	1	1
2390	欢城	1	1	1	1
2391	欢城互动	1	1	1	1
2392	环保总局	1	1	1	1
2393	换妻	1	1	1	1
2394	黄色电影	1	1	1	1
2395	黄色小电影	1	1	1	1
2396	回回	1	1	1	1
2397	回族人吃猪肉	1	1	1	1
2398	昏药	1	1	1	1
2399	火棒	1	1	1	1
2400	鸡芭	1	1	1	1
2401	基督	1	1	1	1
2402	激情电影	1	1	1	1
2403	激情小电影	1	1	1	1
2404	鸡8	1	1	1	1
2405	几届中央政治局委员	1	1	1	1
2406	计牌软件	1	1	1	1
2407	计生委	1	1	1	1
2408	妓	1	1	1	1
2409	妓院	1	1	1	1
2410	佳静安定片	1	1	1	1
2411	奸夫淫妇	1	1	1	1
2412	监察部	1	1	1	1
2413	监管局	1	1	1	1
2414	监听王	1	1	1	1
2415	检察院	1	1	1	1
2416	建设部	1	1	1	1
2417	贱	1	1	1	1
2418	江Core	1	1	1	1
2419	江八	1	1	1	1
2420	江核心	1	1	1	1
2421	江择民	1	1	1	1
2422	江折民	1	1	1	1
2423	江猪	1	1	1	1
2424	江猪媳	1	1	1	1
2425	江主席	1	1	1	1
2426	酱猪媳	1	1	1	1
2427	交通部	1	1	1	1
2428	姣西	1	1	1	1
2429	叫床	1	1	1	1
2430	叫鸡	1	1	1	1
2431	叫小姐	1	1	1	1
2432	教育部	1	1	1	1
2433	她妈的	1	1	1	1
2434	届中央政治局委员	1	1	1	1
2435	禁书	1	1	1	1
2436	经济社会理事会	1	1	1	1
2437	经社理事会	1	1	1	1
2438	警匪一家	1	1	1	1
2439	敬国神社	1	1	1	1
2440	纠察员	1	1	1	1
2441	鸠	1	1	1	1
2442	鸠屎	1	1	1	1
2443	军长发威	1	1	1	1
2444	军国主义	1	1	1	1
2445	军事委员会	1	1	1	1
2446	军委	1	1	1	1
2447	看牌器	1	1	1	1
2448	看牌软件	1	1	1	1
2449	看棋器	1	1	1	1
2450	看棋软件	1	1	1	1
2451	抗日	1	1	1	1
2452	靠	1	1	1	1
2453	靠腰	1	1	1	1
2454	可待因	1	1	1	1
2455	可卡叶	1	1	1	1
2456	克林顿	1	1	1	1
2457	客户服务人员	1	1	1	1
2458	恐怖份子	1	1	1	1
2459	寇晓伟	1	1	1	1
2460	狂操	1	1	1	1
2461	狂操你全家	1	1	1	1
2462	拉登	1	1	1	1
2463	拉姆斯菲尔德	1	1	1	1
2464	懒教	1	1	1	1
2465	烂	1	1	1	1
2466	烂	1	1	1	1
2467	劳+教+所	1	1	1	1
2468	劳动保障部	1	1	1	1
2469	老逼	1	1	1	1
2470	老毛子	1	1	1	1
2471	黎阳评	1	1	1	1
2472	李弘旨	1	1	1	1
2473	李红志	1	1	1	1
2474	李宏旨	1	1	1	1
2475	李鹏	1	1	1	1
2476	李山	1	1	1	1
2477	李铁映	1	1	1	1
2478	李先念	1	1	1	1
2479	联大	1	1	1	1
2480	联合国	1	1	1	1
2481	联合国大会	1	1	1	1
2482	联易	1	1	1	1
2483	联易互动	1	1	1	1
2484	粮食局	1	1	1	1
2485	两腿之间	1	1	1	1
2486	林业局	1	1	1	1
2487	刘军	1	1	1	1
2488	流氓	1	1	1	1
2489	六四	1	1	1	1
2490	六。四	1	1	1	1
2491	六合彩	1	1	1	1
2492	六-四	1	1	1	1
2493	六四事件	1	1	1	1
2494	六四真相	1	1	1	1
2495	龙新民	1	1	1	1
2496	旅游局	1	1	1	1
2497	卵	1	1	1	1
2498	轮功	1	1	1	1
2499	骡干	1	1	1	1
2500	妈卖妈屁	1	1	1	1
2501	妈祖	1	1	1	1
2502	麻醉钢枪	1	1	1	1
2503	麻醉枪	1	1	1	1
2504	麻醉药	1	1	1	1
2505	麻醉乙醚	1	1	1	1
2506	马卖马屁	1	1	1	1
2507	吗啡	1	1	1	1
2508	吗啡碱	1	1	1	1
2509	吗啡片	1	1	1	1
2510	买财富	1	1	1	1
2511	买卖枪支	1	1	1	1
2512	麦角酸	1	1	1	1
2513	卖B	1	1	1	1
2514	卖ID	1	1	1	1
2515	卖QQ	1	1	1	1
2516	卖财富	1	1	1	1
2517	卖党求荣	1	1	1	1
2518	卖国求荣	1	1	1	1
2519	卖卡	1	1	1	1
2520	卖软件	1	1	1	1
2521	毛XX	1	1	1	1
2522	毛一鲜	1	1	1	1
2523	毛主席	1	1	1	1
2524	梅花网	1	1	1	1
2525	美国	1	1	1	1
2526	美国佬	1	1	1	1
2527	美利坚	1	1	1	1
2528	蒙尘药	1	1	1	1
2529	迷魂药	1	1	1	1
2530	迷奸药	1	1	1	1
2531	迷歼药	1	1	1	1
2532	迷药	1	1	1	1
2533	密洞	1	1	1	1
2534	民航局	1	1	1	1
2535	民政部	1	1	1	1
2536	明慧网	1	1	1	1
2537	莫索里尼	1	1	1	1
2538	妈的	1	1	1	1
2539	马的	1	1	1	1
2540	南联盟	1	1	1	1
2541	寐	1	1	1	1
2542	你爸	1	1	1	1
2543	你大爷	1	1	1	1
2544	你二大爷	1	1	1	1
2545	你老母	1	1	1	1
2546	你老味	1	1	1	1
2547	你姥	1	1	1	1
2548	你姥姥的	1	1	1	1
2549	你娘	1	1	1	1
2550	你爷爷的	1	1	1	1
2551	鸟你	1	1	1	1
2552	牛比	1	1	1	1
2553	农业部	1	1	1	1
2554	虐待	1	1	1	1
2555	拍肩神药	1	1	1	1
2556	喷你	1	1	1	1
2557	彭真	1	1	1	1
2558	皮条	1	1	1	1
2559	嫖客	1	1	1	1
2560	苹果日报	1	1	1	1
2561	破坏	1	1	1	1
2562	仆街	1	1	1	1
2563	普京	1	1	1	1
2564	气象局	1	1	1	1
2565	钱其琛	1	1	1	1
2566	枪决女犯	1	1	1	1
2567	枪决现场	1	1	1	1
2568	枪支弹药	1	1	1	1
2569	强卫	1	1	1	1
2570	强效失意药	1	1	1	1
2571	强硬发言	1	1	1	1
2572	乔石	1	1	1	1
2573	侨办	1	1	1	1
2574	切七	1	1	1	1
2575	窃听器	1	1	1	1
2576	窃听器材	1	1	1	1
2577	青天白日	1	1	1	1
2578	去死	1	1	1	1
2579	人大	1	1	1	1
2580	人大代表	1	1	1	1
2581	人代会	1	1	1	1
2582	人弹	1	1	1	1
2583	人民	1	1	1	1
2584	人民广场	1	1	1	1
2585	人民日报	1	1	1	1
2586	人民银行	1	1	1	1
2587	人体炸弹	1	1	1	1
2588	日X妈	1	1	1	1
2589	日本RING	1	1	1	1
2590	日本鬼子	1	1	1	1
2591	日你娘	1	1	1	1
2592	日他娘	1	1	1	1
2593	肉壁	1	1	1	1
2594	肉洞	1	1	1	1
2595	肉缝	1	1	1	1
2596	肉棍	1	1	1	1
2597	肉棍子	1	1	1	1
2598	肉穴	1	1	1	1
2599	乳	1	1	1	1
2600	乳波臀浪	1	1	1	1
2601	撒尿	1	1	1	1
2602	塞白	1	1	1	1
2603	塞你爸	1	1	1	1
2604	塞你公	1	1	1	1
2605	塞你老母	1	1	1	1
2606	塞你老师	1	1	1	1
2607	塞你母	1	1	1	1
2608	塞你娘	1	1	1	1
2609	三个呆婊	1	1	1	1
2610	三个代婊	1	1	1	1
2611	三民主义	1	1	1	1
2612	三陪女	1	1	1	1
2613	三去车仑	1	1	1	1
2614	三唑仑	1	1	1	1
2615	色情电影	1	1	1	1
2616	色情服务	1	1	1	1
2617	色情小电影	1	1	1	1
2618	傻	1	1	1	1
2619	傻吊	1	1	1	1
2620	傻卵	1	1	1	1
2621	傻子	1	1	1	1
2622	煞逼	1	1	1	1
2623	商务部	1	1	1	1
2624	上你	1	1	1	1
2625	社会正义力量	1	1	1	1
2626	社保基金会	1	1	1	1
2627	社科院	1	1	1	1
2628	身份生成器	1	1	1	1
2629	神通加持法	1	1	1	1
2630	审计署	1	1	1	1
2631	升达毕业证	1	1	1	1
2632	生春袋	1	1	1	1
2633	生鸦片	1	1	1	1
2634	圣女峰	1	1	1	1
2635	湿透的内裤	1	1	1	1
2636	十八摸	1	1	1	1
2637	十年动乱	1	1	1	1
2638	十五周年	1	1	1	1
2639	石进	1	1	1	1
2640	食捻屎	1	1	1	1
2641	食屎	1	1	1	1
2642	驶你爸	1	1	1	1
2643	驶你公	1	1	1	1
2644	驶你老母	1	1	1	1
2645	驶你老师	1	1	1	1
2646	驶你母	1	1	1	1
2647	驶你娘	1	1	1	1
2648	世界日报	1	1	1	1
2649	是鸡	1	1	1	1
2650	手机复制	1	1	1	1
2651	受虐狂	1	1	1	1
2652	售ID	1	1	1	1
2653	售号	1	1	1	1
2654	售软件	1	1	1	1
2655	双峰微颤	1	1	1	1
2656	氵去	1	1	1	1
2657	水利部	1	1	1	1
2658	水去车仑	1	1	1	1
2659	税务总局	1	1	1	1
2660	司法部	1	1	1	1
2661	私服	1	1	1	1
2662	私-服	1	1	1	1
2663	私―服	1	1	1	1
2664	死gd	1	1	1	1
2665	死全家	1	1	1	1
2666	宋楚瑜	1	1	1	1
2667	宋祖英	1	1	1	1
2668	他爹	1	1	1	1
2669	他马的	1	1	1	1
2670	他祖宗	1	1	1	1
2671	台办	1	1	1	1
2672	台联	1	1	1	1
2673	台湾党	1	1	1	1
2674	台湾共和国	1	1	1	1
2675	台湾国	1	1	1	1
2676	太监	1	1	1	1
2677	特别公告	1	1	1	1
2678	特码	1	1	1	1
2679	体育总局	1	1	1	1
2680	天安门	1	1	1	1
2681	天安门档案	1	1	1	1
2682	天安门录像带	1	1	1	1
2683	天鹅之旅	1	1	1	1
2684	天皇	1	1	1	1
2685	天皇陛下	1	1	1	1
2686	田纪云	1	1	1	1
2687	舔西	1	1	1	1
2688	铁道部	1	1	1	1
2689	统计局	1	1	1	1
2690	投毒杀人	1	1	1	1
2691	透视软件	1	1	1	1
2692	透视眼镜	1	1	1	1
2693	推油	1	1	1	1
2694	退党	1	1	1	1
2695	托管理事会	1	1	1	1
2696	外挂	1	1	1	1
2697	外_挂	1	1	1	1
2698	外-挂	1	1	1	1
2699	外―挂	1	1	1	1
2700	外汇局	1	1	1	1
2701	外交部	1	1	1	1
2702	外专局	1	1	1	1
2703	晚年周恩来	1	1	1	1
2704	万税	1	1	1	1
2705	王宝森	1	1	1	1
2706	王昊	1	1	1	1
2707	王岐山	1	1	1	1
2708	王太华	1	1	1	1
2709	王震	1	1	1	1
2710	网管	1	1	1	1
2711	卫生部	1	1	1	1
2712	温加宝	1	1	1	1
2713	温家保	1	1	1	1
2714	温馨	1	1	1	1
2715	温总理	1	1	1	1
2716	文化部	1	1	1	1
2717	文物局	1	1	1	1
2718	倭国	1	1	1	1
2719	倭寇	1	1	1	1
2720	我操你	1	1	1	1
2721	我老爸	1	1	1	1
2722	五星红旗	1	1	1	1
2723	西藏天葬	1	1	1	1
2724	希拉克	1	1	1	1
2725	希特勒	1	1	1	1
2726	希望之声	1	1	1	1
2727	洗脑班	1	1	1	1
2728	系统讯息	1	1	1	1
2729	鲜族	1	1	1	1
2730	想上你	1	1	1	1
2731	小鸡鸡	1	1	1	1
2732	小泉	1	1	1	1
2733	小日本	1	1	1	1
2734	小肉粒	1	1	1	1
2735	小乳头	1	1	1	1
2736	邪教	1	1	1	1
2737	新光明	1	1	1	1
2738	新疆独立	1	1	1	1
2739	新手指导员	1	1	1	1
2740	新唐人	1	1	1	1
2741	新闻办	1	1	1	1
2742	新闻出版	1	1	1	1
2743	新闻出版署	1	1	1	1
2744	新闻管制	1	1	1	1
2745	信访局	1	1	1	1
2746	信息产业部	1	1	1	1
2747	兴奋剂	1	1	1	1
2748	性虐待	1	1	1	1
2749	徐光春	1	1	1	1
2750	血逼	1	1	1	1
2751	血腥图片	1	1	1	1
2752	巡查员	1	1	1	1
2753	丫的	1	1	1	1
2754	丫头养的	1	1	1	1
2755	鸦片液	1	1	1	1
2756	鸦片渣	1	1	1	1
2757	烟草局	1	1	1	1
2758	严方军	1	1	1	1
2759	燕玲论坛	1	1	1	1
2760	阳精	1	1	1	1
2761	摇头玩	1	1	1	1
2762	耶苏	1	1	1	1
2763	夜情	1	1	1	1
2764	一党专制	1	1	1	1
2765	一国两制	1	1	1	1
2766	一中一台	1	1	1	1
2767	伊拉克	1	1	1	1
2768	伊朗	1	1	1	1
2769	以茎至洞	1	1	1	1
2770	抑制剂	1	1	1	1
2771	阴小撕大	1	1	1	1
2772	淫叫	1	1	1	1
2773	淫毛	1	1	1	1
2774	淫靡	1	1	1	1
2775	淫语连连	1	1	1	1
2776	淫欲	1	1	1	1
2777	英雄纪念碑	1	1	1	1
2778	硬挺	1	1	1	1
2779	邮政局	1	1	1	1
2780	游戏发奖员	1	1	1	1
2781	游戏宫理员	1	1	1	1
2782	游行	1	1	1	1
2783	舆论钳制	1	1	1	1
2784	玉杵	1	1	1	1
2785	欲火焚身	1	1	1	1
2786	原子能机构	1	1	1	1
2787	远程偷拍	1	1	1	1
2788	曰你	1	1	1	1
2789	月经不调	1	1	1	1
2790	扎卡维是英雄	1	1	1	1
2791	扎卡维	1	1	1	1
2792	张朝阳	1	1	1	1
2793	张潮阳	1	1	1	1
2794	张磊	1	1	1	1
2795	张小平	1	1	1	1
2796	侦探设备	1	1	1	1
2797	正清网	1	1	1	1
2798	正悟网	1	1	1	1
2799	证监会	1	1	1	1
2800	值勤	1	1	1	1
2801	值勤账号	1	1	1	1
2802	指导员	1	1	1	1
2803	质检局	1	1	1	1
2804	致幻剂	1	1	1	1
2805	中共	1	1	1	1
2806	中共中央	1	1	1	1
2807	中国	1	1	1	1
2808	中国恐怖组织	1	1	1	1
2809	中华人民共和国	1	1	1	1
2810	中科院	1	1	1	1
2811	中南海	1	1	1	1
2812	中宣部	1	1	1	1
2813	中央	1	1	1	1
2814	中央政治局	1	1	1	1
2815	中医药局	1	1	1	1
2816	周总理	1	1	1	1
2817	朱容鸡	1	1	1	1
2818	朱总理	1	1	1	1
2819	猪容基	1	1	1	1
2820	主席	1	1	1	1
2821	转法轮	1	1	1	1
2822	装	1	1	1	1
2823	追查国际	1	1	1	1
2824	子女任职名单	1	1	1	1
2825	自杀手册	1	1	1	1
2826	自杀指南	1	1	1	1
2827	自由亚洲电台	1	1	1	1
2828	自由之门	1	1	1	1
2829	自制手枪	1	1	1	1
2830	自治机关	1	1	1	1
2831	宗教	1	1	1	1
2832	总局	1	1	1	1
2833	坐台的	1	1	1	1
#2834	信息	1	1	1	1
#2835	礼品	1	1	1	1
#2836	领取	1	1	1	1
2837	admin靠	1	1	1	1
2838	UR靠	1	1	1	1
2839	urban靠	1	1	1	1
2840	我操靠	1	1	1	1
2841	他妈的靠	1	1	1	1
2842	鸡巴靠	1	1	1	1
2843	煞笔靠	1	1	1	1
2844	傻B靠	1	1	1	1
2845	法轮功靠	1	1	1	1
2846	江泽民靠	1	1	1	1
2847	urban-rivals靠	1	1	1	1
2848	rivals靠	1	1	1	1
2849	u r靠	1	1	1	1
2850	性交靠	1	1	1	1
2851	口交靠	1	1	1	1
2852	taobao靠	1	1	1	1
2853	婊子靠	1	1	1	1
2854	妓女靠	1	1	1	1
2855	他妈靠	1	1	1	1
2856	她妈靠	1	1	1	1
2857	牛逼靠	1	1	1	1
2858	牛比靠	1	1	1	1
2859	牛B靠	1	1	1	1
2860	傻逼靠	1	1	1	1
2861	八仙靠	1	1	1	1
2862	eight仙靠	1	1	1	1
2863	∪R靠	1	1	1	1
2864	混沌诀靠	1	1	1	1
2865	混沌靠	1	1	1	1
2866	你妈靠	1	1	1	1
2867	操你妈靠	1	1	1	1
2868	装逼靠	1	1	1	1
2869	装B靠	1	1	1	1
2870	日你妈靠	1	1	1	1
2871	不玩了靠	1	1	1	1
2872	删号靠	1	1	1	1
2873	卖号靠	1	1	1	1
2874	垃圾游戏靠	1	1	1	1
2875	烂游戏靠	1	1	1	1
2876	妈的靠	1	1	1	1
2877	妈逼靠	1	1	1	1
2878	草你妈靠	1	1	1	1
2879	JB靠	1	1	1	1
2880	淘宝靠	1	1	1	1
2881	出售账号靠	1	1	1	1
2882	出售此号靠	1	1	1	1
2883	U-R靠	1	1	1	1
2884	j8靠	1	1	1	1
2885	吗的靠	1	1	1	1
2886	8仙靠	1	1	1	1
2887	狗日靠	1	1	1	1
2888	出售神符靠	1	1	1	1
2889	色情靠	1	1	1	1
2890	黄色靠	1	1	1	1
2891	h站靠	1	1	1	1
2892	龙虎靠	1	1	1	1
2893	虎门靠	1	1	1	1
2894	龙虎门靠	1	1	1	1
2895	WEB牌鹂	1	1	1	1
2896	WEB战牌靠	1	1	1	1
2897	战牌靠	1	1	1	1
2898	ＵＲ靠	1	1	1	1
2899	街头对抗靠	1	1	1	1
2900	藏独靠	1	1	1	1
2901	台独靠	1	1	1	1
2902	法轮大法靠	1	1	1	1
2903	混沌决靠	1	1	1	1
2904	NPC靠	1	1	1	1
2905	法轮功	1	1	1	1
2906	李洪志	1	1	1	1
2907	sshole靠	1	1	1	1
2908	2逼靠	1	1	1	1
2909	64靠	1	1	1	1
2910	610办公室靠	1	1	1	1
2911	89靠	1	1	1	1
2912	操逼毛	1	1	1	1
2913	操逼你老母	1	1	1	1
2914	操逼样	1	1	1	1
2915	操比毛	1	1	1	1
2916	操婊	1	1	1	1
2917	操婊子	1	1	1	1
2918	操宾周	1	1	1	1
2919	操冰毒	1	1	1	1
2920	操波霸	1	1	1	1
2921	操博讯	1	1	1	1
2922	操薄一波	1	1	1	1
2923	操布莱尔	1	1	1	1
2924	操布雷尔	1	1	1	1
2925	操布什	1	1	1	1
2926	操财政部	1	1	1	1
2927	操参事室	1	1	1	1
2928	操藏独	1	1	1	1
2929	操操	1	1	1	1
2930	操操XX	1	1	1	1
2931	操操逼	1	1	1	1
2932	操操比	1	1	1	1
2933	操操蛋	1	1	1	1
2934	操操你	1	1	1	1
2935	操操你八辈祖宗	1	1	1	1
2936	操操你妈	1	1	1	1
2937	操操你妈	1	1	1	1
2938	操操他	1	1	1	1
2939	操曹刚川	1	1	1	1
2940	操草的你妈	1	1	1	1
2941	操草妈	1	1	1	1
2942	操草你妈	1	1	1	1
2943	操草拟妈	1	1	1	1
2944	操H	1	1	1	1
2945	操测绘局	1	1	1	1
2946	操插	1	1	1	1
2947	操插你	1	1	1	1
2948	操插你妈	1	1	1	1
2949	操插深些	1	1	1	1
2950	操产权局	1	1	1	1
2951	操朝鲜	1	1	1	1
2952	操车臣	1	1	1	1
2953	操车仑	1	1	1	1
2954	操陈功	1	1	1	1
2955	操陈良宇	1	1	1	1
2956	操陈水扁	1	1	1	1
2957	操陈希同	1	1	1	1
2958	操陈晓宁	1	1	1	1
2959	操陈毅	1	1	1	1
2960	操陈至立	1	1	1	1
2961	操成人电影	1	1	1	1
2962	操成人片	1	1	1	1
2963	操吃大便	1	1	1	1
2964	操吃屎	1	1	1	1
2965	操迟浩田	1	1	1	1
2966	操赤匪	1	1	1	1
2967	操抽插	1	1	1	1
2968	操抽你丫的	1	1	1	1
2969	操臭化西	1	1	1	1
2970	操出售假币	1	1	1	1
2971	操出售枪支	1	1	1	1
2972	操出售手枪	1	1	1	1
2973	操吹喇叭	1	1	1	1
2974	操吹箫	1	1	1	1
2975	操春药	1	1	1	1
2976	操蠢猪	1	1	1	1
2977	操戳你	1	1	1	1
2978	操粗制吗啡	1	1	1	1
2979	操催情药	1	1	1	1
2980	操达赖	1	1	1	1
2981	操达赖喇嘛	1	1	1	1
2982	操打炮	1	1	1	1
2983	操大B	1	1	1	1
2984	操大逼	1	1	1	1
2985	操大便	1	1	1	1
2986	操大波波	1	1	1	1
2987	操大东亚共荣	1	1	1	1
2988	操大法	1	1	1	1
2989	毛东突暴动和独立	1	1	1	1
2990	毛东突组织	1	1	1	1
2991	毛东亚病夫	1	1	1	1
2992	毛董建华	1	1	1	1
2993	毛董贱华	1	1	1	1
2994	毛董文华	1	1	1	1
2995	毛懂文华	1	1	1	1
2996	毛独立	1	1	1	1
2997	毛独立台湾会	1	1	1	1
2998	毛短信群发器	1	1	1	1
2999	毛对日强硬	1	1	1	1
3000	毛多维社	1	1	1	1
3001	毛多维网	1	1	1	1
3002	毛多维新闻	1	1	1	1
3003	毛多维周刊	1	1	1	1
3004	毛恶搞晚会	1	1	1	1
3005	毛恩格斯	1	1	1	1
3006	毛二B	1	1	1	1
3007	毛二	1	1	1	1
3008	毛二逼	1	1	1	1
3009	毛二乙基酰胺	1	1	1	1
3010	毛发改委	1	1	1	1
3011	毛发奖使者	1	1	1	1
3012	毛发抡	1	1	1	1
3013	毛发抡功	1	1	1	1
3014	毛发伦	1	1	1	1
3015	毛发伦功	1	1	1	1
3016	毛发轮	1	1	1	1
3017	毛发论	1	1	1	1
3018	毛发论公	1	1	1	1
3019	毛发论功	1	1	1	1
3020	毛发骚	1	1	1	1
3021	毛发展研究中心	1	1	1	1
3022	毛发正念	1	1	1	1
3023	毛法轮功	1	1	1	1
3024	毛法功	1	1	1	1
3025	毛法愣	1	1	1	1
3026	毛法仑	1	1	1	1
3027	毛法轮	1	1	1	1
3028	毛法轮大法	1	1	1	1
3029	毛法西斯	1	1	1	1
3030	毛法制办	1	1	1	1
3031	毛反动	1	1	1	1
3032	毛反封锁技术	1	1	1	1
3033	毛反革命	1	1	1	1
3034	毛反共	1	1	1	1
3035	毛反华	1	1	1	1
3036	毛反恐委员会	1	1	1	1
3037	毛反日	1	1	1	1
3038	毛反政府	1	1	1	1
3039	毛分裂祖国	1	1	1	1
3040	毛佛教	1	1	1	1
3041	毛佛展千手法	1	1	1	1
3042	毛佛祖	1	1	1	1
3043	毛斧头镰刀	1	1	1	1
3044	毛阝月	1	1	1	1
3045	毛傅鹏	1	1	1	1
3046	毛傅作义	1	1	1	1
3047	毛干拎娘	1	1	1	1
3048	毛干	1	1	1	1
3049	毛干老母	1	1	1	1
3050	毛干妈	1	1	1	1
3051	毛干娘	1	1	1	1
3052	毛干你	1	1	1	1
3053	毛干你妈	1	1	1	1
3054	毛干你妈b	1	1	1	1
3055	毛干你妈逼	1	1	1	1
3056	毛干你娘	1	1	1	1
3057	毛干七八	1	1	1	1
3058	毛干死你	1	1	1	1
3059	毛肛	1	1	1	1
3060	毛肛交	1	1	1	1
3061	毛肛门	1	1	1	1
3062	毛港澳办	1	1	1	1
3063	毛高俊	1	1	1	1
3064	毛高丽棒子	1	1	1	1
3065	毛高校暴乱	1	1	1	1
3066	毛高校群体事件	1	1	1	1
3067	毛高校骚乱	1	1	1	1
3068	毛睾	1	1	1	1
3069	毛睾丸	1	1	1	1
3070	毛膏药旗	1	1	1	1
3071	毛工力	1	1	1	1
3072	毛工商局	1	1	1	1
3073	毛工作人员	1	1	1	1
3074	毛弓虽女干	1	1	1	1
3075	毛公安	1	1	1	1
3076	毛公安部	1	1	1	1
3077	毛公安局	1	1	1	1
3078	毛共产主义	1	1	1	1
3079	毛共匪	1	1	1	1
3080	毛共狗	1	1	1	1
3081	毛共青团员	1	1	1	1
3082	毛狗b	1	1	1	1
3083	毛狗操	1	1	1	1
3084	毛狗卵	1	1	1	1
3085	毛狗娘	1	1	1	1
3086	毛狗屁	1	1	1	1
3087	毛狗日	1	1	1	1
3088	毛狗日的	1	1	1	1
3089	毛狗屎	1	1	1	1
3090	毛狗养	1	1	1	1
3091	毛古方迷香	1	1	1	1
3092	毛观世音	1	1	1	1
3093	毛官逼民反	1	1	1	1
3094	毛官商勾结	1	1	1	1
3095	毛管理人员	1	1	1	1
3096	毛管理员	1	1	1	1
3097	毛光明日报	1	1	1	1
3098	毛广电局	1	1	1	1
3099	毛龟儿子	1	1	1	1
3100	毛龟公	1	1	1	1
3101	毛龟孙子	1	1	1	1
3102	毛龟头	1	1	1	1
3103	毛鬼村	1	1	1	1
3104	毛滚	1	1	1	1
3105	毛郭伯雄	1	1	1	1
3106	毛国安局	1	1	1	1
3107	毛国防部	1	1	1	1
3108	毛国防科工委	1	1	1	1
3109	毛国管局	1	1	1	1
3110	毛国际法院	1	1	1	1
3111	毛国家民委	1	1	1	1
3112	毛国家主席	1	1	1	1
3113	毛国家主要部委	1	1	1	1
3114	毛国民党	1	1	1	1
3115	毛国民党万岁	1	1	1	1
3116	毛国土资源部	1	1	1	1
3117	毛国务院	1	1	1	1
3118	毛国研室	1	1	1	1
3119	毛国资委	1	1	1	1
3120	毛哈批	1	1	1	1
3121	毛海关总署	1	1	1	1
3122	毛海洛因	1	1	1	1
3123	毛海洋局	1	1	1	1
3124	毛何候华	1	1	1	1
3125	毛贺国强	1	1	1	1
3126	毛贺龙	1	1	1	1
3127	毛黑社会	1	1	1	1
3128	毛黑手党	1	1	1	1
3129	毛红卫兵	1	1	1	1
3130	毛洪兴	1	1	1	1
3131	毛洪志	1	1	1	1
3132	毛后庭	1	1	1	1
3133	毛胡XX	1	1	1	1
3134	毛胡紧涛	1	1	1	1
3135	毛胡紧掏	1	1	1	1
3136	毛胡紧套	1	1	1	1
3137	毛胡锦涛	1	1	1	1
3138	毛胡乔木	1	1	1	1
3139	毛胡耀邦	1	1	1	1
3140	毛胡主席	1	1	1	1
3141	毛花柳	1	1	1	1
3142	毛华国锋	1	1	1	1
3143	毛华建敏	1	1	1	1
3144	毛欢城	1	1	1	1
3145	毛欢城互动	1	1	1	1
3146	毛环保总局	1	1	1	1
3147	毛换妻	1	1	1	1
3148	毛黄　菊	1	1	1	1
3149	毛黄菊	1	1	1	1
3150	毛黄色电影	1	1	1	1
3151	毛黄色小电影	1	1	1	1
3152	毛回回	1	1	1	1
3153	毛回教	1	1	1	1
3154	毛回良玉	1	1	1	1
3155	毛回民暴动	1	1	1	1
3156	毛回族人吃猪肉	1	1	1	1
3157	毛昏药	1	1	1	1
3158	毛火棒	1	1	1	1
3159	毛机八	1	1	1	1
3160	毛机巴	1	1	1	1
3161	毛鸡八	1	1	1	1
3162	毛鸡叭	1	1	1	1
3163	毛鸡芭	1	1	1	1
3164	毛鸡掰	1	1	1	1
3165	毛鸡鸡	1	1	1	1
3166	毛鸡奸	1	1	1	1
3167	毛基地组织	1	1	1	1
3168	毛基督	1	1	1	1
3169	毛基督教	1	1	1	1
3170	毛激情电影	1	1	1	1
3171	毛激情小电影	1	1	1	1
3172	毛鸡	1	1	1	1
3173	毛几届中央政治局委员	1	1	1	1
3174	毛计牌软件	1	1	1	1
3175	毛计生委	1	1	1	1
3176	毛妓	1	1	1	1
3177	毛妓女	1	1	1	1
3178	毛妓院	1	1	1	1
3179	毛佳静安定片	1	1	1	1
3180	毛贾庆林	1	1	1	1
3181	毛奸	1	1	1	1
3182	毛奸夫淫妇	1	1	1	1
3183	毛奸你	1	1	1	1
3184	毛奸淫	1	1	1	1
3185	毛监察部	1	1	1	1
3186	毛监管局	1	1	1	1
3187	毛监听王	1	1	1	1
3188	毛检察院	1	1	1	1
3189	毛建设部	1	1	1	1
3190	毛贱	1	1	1	1
3191	毛贱逼	1	1	1	1
3192	毛贱货	1	1	1	1
3193	毛贱人	1	1	1	1
3194	毛江Core	1	1	1	1
3195	毛江八	1	1	1	1
3196	毛江八点	1	1	1	1
3197	毛江独裁	1	1	1	1
3198	毛江核心	1	1	1	1
3199	毛江青	1	1	1	1
3200	毛江戏子	1	1	1	1
3201	毛江择民	1	1	1	1
3202	毛江泽民	1	1	1	1
3203	毛江贼民	1	1	1	1
3204	毛江折民	1	1	1	1
3205	毛江猪	1	1	1	1
3206	毛江猪媳	1	1	1	1
3207	毛江主席	1	1	1	1
3208	毛僵贼民	1	1	1	1
3209	毛疆独	1	1	1	1
3210	毛蒋介石	1	1	1	1
3211	毛蒋经国	1	1	1	1
3212	毛蒋中正	1	1	1	1
3213	毛酱猪媳	1	1	1	1
3214	毛交通部	1	1	1	1
3215	毛姣西	1	1	1	1
3216	毛叫床	1	1	1	1
3217	毛叫鸡	1	1	1	1
3218	毛叫小姐	1	1	1	1
3219	毛教育部	1	1	1	1
3220	毛她妈的	1	1	1	1
3221	毛届中央政治局委员	1	1	1	1
3222	毛金日成	1	1	1	1
3223	毛金正日	1	1	1	1
3224	毛禁书	1	1	1	1
3225	毛经济社会理事会	1	1	1	1
3226	毛经社理事会	1	1	1	1
3227	毛精液	1	1	1	1
3228	毛精子	1	1	1	1
3229	毛警匪一家	1	1	1	1
3230	毛敬国神社	1	1	1	1
3231	毛靖国神社	1	1	1	1
3232	毛静坐	1	1	1	1
3233	毛纠察员	1	1	1	1
3234	毛鸠	1	1	1	1
3235	毛鸠屎	1	1	1	1
3236	毛军长发威	1	1	1	1
3237	毛军国主义	1	1	1	1
3238	毛军妓	1	1	1	1
3239	毛军事委员会	1	1	1	1
3240	毛军委	1	1	1	1
3241	毛看牌器	1	1	1	1
3242	毛看牌软件	1	1	1	1
3243	毛看棋器	1	1	1	1
3244	毛看棋软件	1	1	1	1
3245	毛抗日	1	1	1	1
3246	毛尻	1	1	1	1
3247	毛靠	1	1	1	1
3248	毛靠你妈	1	1	1	1
3249	毛靠腰	1	1	1	1
3250	毛可待因	1	1	1	1
3251	毛可卡叶	1	1	1	1
3252	毛可卡因	1	1	1	1
3253	毛克林顿	1	1	1	1
3254	毛客服	1	1	1	1
3255	毛客户服务人员	1	1	1	1
3256	毛恐怖份子	1	1	1	1
3257	毛恐怖主义	1	1	1	1
3258	毛口交	1	1	1	1
3259	毛寇晓伟	1	1	1	1
3260	毛狂操	1	1	1	1
3261	毛狂操你全家	1	1	1	1
3262	毛拉登	1	1	1	1
3263	毛拉姆斯菲尔德	1	1	1	1
3264	毛懒教	1	1	1	1
3265	毛烂B	1	1	1	1
3266	毛烂	1	1	1	1
3267	毛烂逼	1	1	1	1
3268	毛烂比	1	1	1	1
3269	毛烂	1	1	1	1
3270	毛烂货	1	1	1	1
3271	毛劳+教+所	1	1	1	1
3272	毛劳动保障部	1	1	1	1
3273	毛老逼	1	1	1	1
3274	毛老毛子	1	1	1	1
3275	毛老母	1	1	1	1
3276	毛黎阳评	1	1	1	1
3277	毛李长春	1	1	1	1
3278	毛李登辉	1	1	1	1
3279	毛李弘旨	1	1	1	1
3280	毛李红志	1	1	1	1
3281	毛李宏旨	1	1	1	1
3282	毛李宏志	1	1	1	1
3283	毛李洪志	1	1	1	1
3284	毛李岚清	1	1	1	1
3285	毛李鹏	1	1	1	1
3286	毛李鹏	1	1	1	1
3287	毛李瑞环	1	1	1	1
3288	毛李山	1	1	1	1
3289	毛李铁映	1	1	1	1
3290	毛李先念	1	1	1	1
3291	毛连战	1	1	1	1
3292	毛联大	1	1	1	1
3293	毛联合国	1	1	1	1
3294	毛联合国大会	1	1	1	1
3295	毛联易	1	1	1	1
3296	毛联易互动	1	1	1	1
3297	毛粮食局	1	1	1	1
3298	毛两腿之间	1	1	1	1
3299	毛列宁	1	1	1	1
3300	毛林彪	1	1	1	1
3301	毛林业局	1	1	1	1
3302	毛刘淇	1	1	1	1
3303	毛刘军	1	1	1	1
3304	毛刘少奇	1	1	1	1
3305	毛刘云山	1	1	1	1
3306	毛流氓	1	1	1	1
3307	毛六四	1	1	1	1
3308	毛六。四	1	1	1	1
3309	毛六合彩	1	1	1	1
3310	毛六-四	1	1	1	1
3311	毛六四事件	1	1	1	1
3312	毛六四真相	1	1	1	1
3313	毛龙新民	1	1	1	1
3314	毛吕秀莲	1	1	1	1
3315	毛旅游局	1	1	1	1
3316	毛卵	1	1	1	1
3317	毛轮功	1	1	1	1
3318	毛轮奸	1	1	1	1
3319	毛罗　干	1	1	1	1
3320	毛罗干	1	1	1	1
3321	毛骡干	1	1	1	1
3322	毛妈逼	1	1	1	1
3323	毛妈比	1	1	1	1
3324	毛妈卖妈屁	1	1	1	1
3325	毛妈批	1	1	1	1
3326	毛妈祖	1	1	1	1
3327	毛妈B	1	1	1	1
3328	毛妈的	1	1	1	1
3329	毛麻醉钢枪	1	1	1	1
3330	毛麻醉枪	1	1	1	1
3331	毛麻醉药	1	1	1	1
3332	毛麻醉乙醚	1	1	1	1
3333	毛马克思	1	1	1	1
3334	毛马卖马屁	1	1	1	1
3335	毛马英九	1	1	1	1
3336	毛吗啡	1	1	1	1
3337	毛吗啡碱	1	1	1	1
3338	毛吗啡片	1	1	1	1
3339	毛买财富	1	1	1	1
3340	毛买卖枪支	1	1	1	1
3341	毛麦角酸	1	1	1	1
3342	毛卖国	1	1	1	1
3343	毛卖B	1	1	1	1
3344	毛卖ID	1	1	1	1
3345	毛卖QQ	1	1	1	1
3346	毛卖逼	1	1	1	1
3347	毛卖比	1	1	1	1
3348	毛卖财富	1	1	1	1
3349	毛卖党求荣	1	1	1	1
3350	毛卖国求荣	1	1	1	1
3351	毛卖号	1	1	1	1
3352	毛卖卡	1	1	1	1
3353	毛卖软件	1	1	1	1
3354	毛卖淫	1	1	1	1
3355	毛毛XX	1	1	1	1
3356	毛毛厕洞	1	1	1	1
3357	毛毛一鲜	1	1	1	1
3358	毛毛贼东	1	1	1	1
3359	毛毛主席	1	1	1	1
3360	毛梅花网	1	1	1	1
3361	毛美国	1	1	1	1
3362	毛美国佬	1	1	1	1
3363	毛美国之音	1	1	1	1
3364	毛美利坚	1	1	1	1
3365	毛蒙尘药	1	1	1	1
3366	毛蒙独	1	1	1	1
3367	毛蒙古达子	1	1	1	1
3368	毛蒙古独立	1	1	1	1
3369	毛迷魂药	1	1	1	1
3370	毛迷奸药	1	1	1	1
3371	毛迷歼药	1	1	1	1
3372	毛迷药	1	1	1	1
3373	毛密洞	1	1	1	1
3374	毛密宗	1	1	1	1
3375	毛民航局	1	1	1	1
3376	毛民进党	1	1	1	1
3377	毛民运	1	1	1	1
3378	毛民政部	1	1	1	1
3379	毛明慧网	1	1	1	1
3380	毛摩门教	1	1	1	1
3381	毛莫索里尼	1	1	1	1
3382	毛穆罕默德	1	1	1	1
3383	毛穆斯林	1	1	1	1
3384	毛乳头	1	1	1	1
3385	毛奶子	1	1	1	1
3386	毛老母的	1	1	1	1
3387	毛妈的	1	1	1	1
3388	毛马的	1	1	1	1
3389	毛娘的	1	1	1	1
3390	毛南联盟	1	1	1	1
3391	毛南蛮子	1	1	1	1
3392	毛嫩B	1	1	1	1
3393	毛寐	1	1	1	1
3394	毛你爸	1	1	1	1
3395	毛你大爷	1	1	1	1
3396	毛你二大爷	1	1	1	1
3397	毛你老母	1	1	1	1
3398	毛你老味	1	1	1	1
3399	毛你姥	1	1	1	1
3400	毛你姥姥的	1	1	1	1
3401	毛你妈	1	1	1	1
3402	毛你妈逼	1	1	1	1
3403	毛你娘	1	1	1	1
3404	毛你爷爷的	1	1	1	1
3405	毛鸟你	1	1	1	1
3406	毛牛逼	1	1	1	1
3407	毛牛比	1	1	1	1
3408	毛农业部	1	1	1	1
3409	毛虐待	1	1	1	1
3410	毛拍肩神药	1	1	1	1
3411	毛喷你	1	1	1	1
3412	毛彭真	1	1	1	1
3413	毛皮条	1	1	1	1
3414	毛屁眼	1	1	1	1
3415	毛嫖客	1	1	1	1
3416	毛苹果日报	1	1	1	1
3417	毛破坏	1	1	1	1
3418	毛破鞋	1	1	1	1
3419	毛仆街	1	1	1	1
3420	毛普京	1	1	1	1
3421	毛气象局	1	1	1	1
3422	毛钱其琛	1	1	1	1
3423	毛枪决女犯	1	1	1	1
3424	毛枪决现场	1	1	1	1
3425	毛枪支弹药	1	1	1	1
3426	毛强奸	1	1	1	1
3427	毛强奸犯	1	1	1	1
3428	毛强卫	1	1	1	1
3429	毛强效失意药	1	1	1	1
3430	毛强硬发言	1	1	1	1
3431	毛抢劫	1	1	1	1
3432	毛乔石	1	1	1	1
3433	毛侨办	1	1	1	1
3434	毛切七	1	1	1	1
3435	毛窃听器	1	1	1	1
3436	毛亲民党	1	1	1	1
3437	毛青天白日	1	1	1	1
3438	毛情色	1	1	1	1
3439	毛去死	1	1	1	1
3440	毛全国人大	1	1	1	1
3441	毛瘸腿帮	1	1	1	1
3442	毛人大	1	1	1	1
3443	毛人大代表	1	1	1	1
3444	毛人代会	1	1	1	1
3445	毛人弹	1	1	1	1
3446	毛人民	1	1	1	1
3447	毛人体炸弹	1	1	1	1
3448	毛日X妈	1	1	1	1
3449	毛日本RING	1	1	1	1
3450	毛日本鬼子	1	1	1	1
3451	毛日你	1	1	1	1
3452	毛日你妈	1	1	1	1
3453	毛日你娘	1	1	1	1
3454	毛日他娘	1	1	1	1
3455	毛肉棒	1	1	1	1
3456	毛肉壁	1	1	1	1
3457	毛肉洞	1	1	1	1
3458	毛肉缝	1	1	1	1
3459	毛肉棍	1	1	1	1
3460	毛肉棍子	1	1	1	1
3461	毛肉穴	1	1	1	1
3462	毛乳	1	1	1	1
3463	毛乳波臀浪	1	1	1	1
3464	毛乳房	1	1	1	1
3465	毛乳交	1	1	1	1
3466	毛撒尿	1	1	1	1
3467	毛萨达姆	1	1	1	1
3468	毛塞白	1	1	1	1
3469	毛塞你爸	1	1	1	1
3470	毛塞你公	1	1	1	1
3471	毛塞你老母	1	1	1	1
3472	毛塞你老师	1	1	1	1
3473	毛塞你母	1	1	1	1
3474	毛塞你娘	1	1	1	1
3475	毛三个呆婊	1	1	1	1
3476	毛三个代婊	1	1	1	1
3477	毛三级片	1	1	1	1
3478	毛三民主义	1	1	1	1
3479	毛三陪	1	1	1	1
3480	毛三陪女	1	1	1	1
3481	毛三去车仑	1	1	1	1
3482	毛三唑仑	1	1	1	1
3483	毛骚	1	1	1	1
3484	毛骚B	1	1	1	1
3485	毛骚逼	1	1	1	1
3486	毛骚货	1	1	1	1
3487	毛色情	1	1	1	1
3488	毛色情电影	1	1	1	1
3489	毛色情服务	1	1	1	1
3490	毛色情小电影	1	1	1	1
3491	毛杀人犯	1	1	1	1
3492	毛傻B	1	1	1	1
3493	毛傻	1	1	1	1
3494	毛傻逼	1	1	1	1
3495	毛傻比	1	1	1	1
3496	毛傻吊	1	1	1	1
3497	毛傻卵	1	1	1	1
3498	毛傻子	1	1	1	1
3499	毛煞逼	1	1	1	1
3500	毛商务部	1	1	1	1
3501	毛上	1	1	1	1
3502	毛上你	1	1	1	1
3503	毛社会正义力量	1	1	1	1
3504	毛社保基金会	1	1	1	1
3505	毛社会主义	1	1	1	1
3506	毛社科院	1	1	1	1
3507	毛射精	1	1	1	1
3508	毛身份生成器	1	1	1	1
3509	毛神经病	1	1	1	1
3510	毛神通加持法	1	1	1	1
3511	毛审计署	1	1	1	1
3512	毛升达毕业证	1	1	1	1
3513	毛生春袋	1	1	1	1
3514	毛生孩子没屁眼	1	1	1	1
3515	毛生鸦片	1	1	1	1
3516	毛圣女峰	1	1	1	1
3517	毛湿透的内裤	1	1	1	1
3518	毛十八摸	1	1	1	1
3519	毛十年动乱	1	1	1	1
3520	毛十五周年	1	1	1	1
3521	毛石进	1	1	1	1
3522	毛食捻屎	1	1	1	1
3523	毛食屎	1	1	1	1
3524	毛驶你爸	1	1	1	1
3525	毛驶你公	1	1	1	1
3526	毛驶你老母	1	1	1	1
3527	毛驶你老师	1	1	1	1
3528	毛驶你母	1	1	1	1
3529	毛驶你娘	1	1	1	1
3530	毛世界日报	1	1	1	1
3531	毛是鸡	1	1	1	1
3532	毛手机复制	1	1	1	1
3533	毛手淫	1	1	1	1
3534	毛受虐狂	1	1	1	1
3535	毛售ID	1	1	1	1
3536	毛售号	1	1	1	1
3537	毛售软件	1	1	1	1
3538	毛双峰微颤	1	1	1	1
3539	毛氵去	1	1	1	1
3540	毛水利部	1	1	1	1
3541	毛水去车仑	1	1	1	1
3542	毛税务总局	1	1	1	1
3543	毛司法部	1	1	1	1
3544	毛私服	1	1	1	1
3545	毛私-服	1	1	1	1
3546	毛私―服	1	1	1	1
3547	毛斯大林	1	1	1	1
3548	毛死gd	1	1	1	1
3549	毛死全家	1	1	1	1
3550	毛四川独立	1	1	1	1
3551	毛四人帮	1	1	1	1
3552	毛宋楚瑜	1	1	1	1
3553	毛宋祖英	1	1	1	1
3554	毛孙文	1	1	1	1
3555	毛孙逸仙	1	1	1	1
3556	毛孙中山	1	1	1	1
3557	毛他爹	1	1	1	1
3558	毛他妈	1	1	1	1
3559	毛他妈的	1	1	1	1
3560	毛他马的	1	1	1	1
3561	毛他母亲	1	1	1	1
3562	毛他祖宗	1	1	1	1
3563	毛台办	1	1	1	1
3564	毛台独	1	1	1	1
3565	毛台联	1	1	1	1
3566	毛台湾党	1	1	1	1
3567	毛台湾帝国	1	1	1	1
3568	毛台湾独立	1	1	1	1
3569	毛台湾共和国	1	1	1	1
3570	毛台湾狗	1	1	1	1
3571	毛台湾国	1	1	1	1
3572	毛台湾民国	1	1	1	1
3573	毛太监	1	1	1	1
3574	毛太子党	1	1	1	1
3575	毛唐家璇	1	1	1	1
3576	毛特别公告	1	1	1	1
3577	毛特码	1	1	1	1
3578	毛体育总局	1	1	1	1
3579	毛天安门	1	1	1	1
3580	毛天安门档案	1	1	1	1
3581	毛天安门录像带	1	1	1	1
3582	毛天安门事件	1	1	1	1
3583	毛天安门屠杀	1	1	1	1
3584	毛天安门一代	1	1	1	1
3585	毛天鹅之旅	1	1	1	1
3586	毛天皇	1	1	1	1
3587	毛天皇陛下	1	1	1	1
3588	毛田纪云	1	1	1	1
3589	毛舔西	1	1	1	1
3590	毛铁道部	1	1	1	1
3591	毛统计局	1	1	1	1
3592	毛投毒杀人	1	1	1	1
3593	毛透视软件	1	1	1	1
3594	毛透视眼镜	1	1	1	1
3595	毛推油	1	1	1	1
3596	毛退党	1	1	1	1
3597	毛托管理事会	1	1	1	1
3598	毛外挂	1	1	1	1
3599	毛外_挂	1	1	1	1
3600	毛外-挂	1	1	1	1
3601	毛外―挂	1	1	1	1
3602	毛外汇局	1	1	1	1
3603	毛外交部	1	1	1	1
3604	毛外专局	1	1	1	1
3605	毛晚年周恩来	1	1	1	1
3606	毛万税	1	1	1	1
3607	毛王八蛋	1	1	1	1
3608	毛王宝森	1	1	1	1
3609	毛王刚	1	1	1	1
3610	毛王昊	1	1	1	1
3611	毛王乐泉	1	1	1	1
3612	毛王岐山	1	1	1	1
3613	毛王太华	1	1	1	1
3614	毛王兆国	1	1	1	1
3615	毛王震	1	1	1	1
3616	毛网管	1	1	1	1
3617	毛威而钢	1	1	1	1
3618	毛威而柔	1	1	1	1
3619	毛卫生部	1	1	1	1
3620	毛尉健行	1	1	1	1
3621	毛温加宝	1	1	1	1
3622	毛温馨	1	1	1	1
3623	毛温总理	1	1	1	1
3624	毛文化部	1	1	1	1
3625	毛文物局	1	1	1	1
3626	毛倭国	1	1	1	1
3627	毛倭寇	1	1	1	1
3628	毛我操	1	1	1	1
3629	毛我操你	1	1	1	1
3630	毛我干	1	1	1	1
3631	毛我老爸	1	1	1	1
3632	毛我日	1	1	1	1
3633	毛我日你	1	1	1	1
3634	毛无界浏览器	1	1	1	1
3635	毛吴邦国	1	1	1	1
3636	毛吴官正	1	1	1	1
3637	毛吴仪	1	1	1	1
3638	毛五星红旗	1	1	1	1
3639	毛西藏独立	1	1	1	1
3640	毛西藏天葬	1	1	1	1
3641	毛希拉克	1	1	1	1
3642	毛希特勒	1	1	1	1
3643	毛希望之声	1	1	1	1
3644	毛洗脑班	1	1	1	1
3645	毛系统	1	1	1	1
3646	毛系统公告	1	1	1	1
3647	毛系统讯息	1	1	1	1
3648	毛鲜族	1	1	1	1
3649	毛乡巴佬	1	1	1	1
3650	毛想上你	1	1	1	1
3651	毛小鸡鸡	1	1	1	1
3652	毛小泉	1	1	1	1
3653	毛小泉纯一郎	1	1	1	1
3654	毛小日本	1	1	1	1
3655	毛小肉粒	1	1	1	1
3656	毛小乳头	1	1	1	1
3657	毛小穴	1	1	1	1
3658	毛邪教	1	1	1	1
3659	毛新党	1	1	1	1
3660	毛新光明	1	1	1	1
3661	毛新华内情	1	1	1	1
3662	毛新华社	1	1	1	1
3663	毛新疆独立	1	1	1	1
3664	毛新生网	1	1	1	1
3665	毛新手指导员	1	1	1	1
3666	毛新唐人	1	1	1	1
3667	毛新闻办	1	1	1	1
3668	毛新闻出版	1	1	1	1
3669	毛新闻出版署	1	1	1	1
3670	毛新闻出版总署	1	1	1	1
3671	毛新闻管制	1	1	1	1
3672	毛新义安	1	1	1	1
3673	毛信访局	1	1	1	1
3674	毛信息产业部	1	1	1	1
3675	毛兴奋剂	1	1	1	1
3676	毛性爱	1	1	1	1
3677	毛性交	1	1	1	1
3678	毛性虐待	1	1	1	1
3679	毛性无能	1	1	1	1
3680	毛性欲	1	1	1	1
3681	毛徐光春	1	1	1	1
3682	毛学潮	1	1	1	1
3683	毛血逼	1	1	1	1
3684	毛血腥图片	1	1	1	1
3685	毛巡查员	1	1	1	1
3686	毛丫的	1	1	1	1
3687	毛丫头养的	1	1	1	1
3688	毛鸦片	1	1	1	1
3689	毛鸦片液	1	1	1	1
3690	毛鸦片渣	1	1	1	1
3691	毛烟草局	1	1	1	1
3692	毛严方军	1	1	1	1
3693	毛燕玲论坛	1	1	1	1
3694	毛阳精	1	1	1	1
3695	毛阳具	1	1	1	1
3696	毛摇头丸	1	1	1	1
3697	毛摇头玩	1	1	1	1
3698	毛耶和华	1	1	1	1
3699	毛耶苏	1	1	1	1
3700	毛耶稣	1	1	1	1
3701	毛叶剑英	1	1	1	1
3702	毛夜情	1	1	1	1
3703	毛一党专制	1	1	1	1
3704	毛一贯道	1	1	1	1
3705	毛一国两制	1	1	1	1
3706	毛一夜情	1	1	1	1
3707	毛一中一台	1	1	1	1
3708	毛伊拉克	1	1	1	1
3709	毛伊朗	1	1	1	1
3710	毛伊斯兰	1	1	1	1
3711	毛以茎至洞	1	1	1	1
3712	毛抑制剂	1	1	1	1
3713	毛阴部	1	1	1	1
3714	毛阴唇	1	1	1	1
3715	毛阴道	1	1	1	1
3716	毛阴蒂	1	1	1	1
3717	毛阴核	1	1	1	1
3718	毛阴户	1	1	1	1
3719	毛阴茎	1	1	1	1
3720	毛阴毛	1	1	1	1
3721	毛阴水	1	1	1	1
3722	毛阴小撕大	1	1	1	1
3723	毛淫	1	1	1	1
3724	毛淫荡	1	1	1	1
3725	毛淫秽	1	1	1	1
3726	毛淫货	1	1	1	1
3727	毛淫贱	1	1	1	1
3728	毛淫叫	1	1	1	1
3729	毛淫毛	1	1	1	1
3730	毛淫靡	1	1	1	1
3731	毛淫水	1	1	1	1
3732	毛淫娃	1	1	1	1
3733	毛淫语连连	1	1	1	1
3734	毛淫欲	1	1	1	1
3735	毛英雄纪念碑	1	1	1	1
3736	毛硬挺	1	1	1	1
3737	毛邮政局	1	1	1	1
3738	毛游戏发奖员	1	1	1	1
3739	毛游戏宫理员	1	1	1	1
3740	毛游戏管理员	1	1	1	1
3741	毛游行	1	1	1	1
3742	毛俞正声	1	1	1	1
3743	毛舆论钳制	1	1	1	1
3744	毛玉杵	1	1	1	1
3745	毛欲火焚身	1	1	1	1
3746	毛原子能机构	1	1	1	1
3747	taobao	1	1	1	1
3748	webgamecomcn	1	1	1	1
3749	牛B	1	1	1	1
3750	八8仙	1	1	1	1
3751	∪R	1	1	1	1
3752	ＵＲ	1	1	1	1
3753	卵巢	1	1	1	1
3754	黑手p党	1	1	1	1
3755	管理0员	1	1	1	1
3756	狗0日	1	1	1	1
3757	泽民	1	1	1	1
3758	茉莉花革命	1	1	1	1
3759	小姐兼职	1	1	1	1
3760	新疆75事件	1	1	1	1
3761	西藏314事件	1	1	1	1
3762	yuanmingxinsheng	1	1	1	1
3763	urTNND	1	1	1	1
3764	K粉	1	1	1	1
3765	kao	1	1	1	1
3766	GM	1	1	1	1
3767	共产党	1	1	1	1
3768	共党	1	1	1	1
3769	民主党	1	1	1	1
3770	共和党	1	1	1	1
3771	自由党	1	1	1	1
3772	国民党	1	1	1	1
#3773	官网	1	1	1	1
#3774	官方	1	1	1	1
3775	发码	1	1	1	1
3776	gM	1	1	1	1
#3778	通知	1	1	1	1
3779	系y	1	1	1	1
3780	官W	1	1	1	1
3781	管理T	1	1	1	1
3782	水Gop	1	1	1	1
3783	共ah	1	1	1	1
3784	民h	1	1	1	1
3785	自由h	1	1	1	1
3786	民主h	1	1	1	1
#3790	公司	1	1	1	1
3791	毛|	1	1	1	1
3792	胡\	1	1	1	1
3793	江擅	1	1	1	1
3794	共h	1	1	1	1
3795	外	1	1	1	1
3796    习近平  1       1       1       1
3797    胡锦涛  1       1       1       1
3798    古月锦涛 1      1        1        1
3799    习习    1       1       1       1
3800    习近    1       1       1       1
3801    近平    1       1       1       1
3802    习近萍  1       1       1       1
3803    习进平  1       1       1       1

